16.0,-8.700000000000003,0.0,0.0,0.0,0.0,0.0,0.0,0.0,0.0,0.0,-370.0;28.0,-13.500000000000004,0.0,0.0,0.0,0.0,0.0,0.0,0.0,0.0,0.0,860.0;1
-43.0,12.8,4.0,-10.0,-66.0,-68.0,-27.0,23.0,0.0,-17.0,-27.0,-6295.6;-11.0,-0.5999999999999979,9.0,12.0,-7.0,-10.0,13.0,17.0,0.0,-10.0,-22.0,5337.0;1
4.0,1.2000000000000064,2.0,-7.0,-13.0,0.0,21.0,9.0,0.0,-20.0,-32.0,2892.0;-8.0,-1.9000000000000021,-5.0,-11.0,-33.0,-9.0,11.0,-2.0,0.0,-3.0,-12.0,665.0;1
156.9,-16.299999999999994,1.0,-1.0,69.0,55.0,50.0,20.0,0.0,14.0,4.0,2399.0;28.0,-7.0000000000000036,10.0,-14.0,-13.0,-8.0,13.0,5.0,0.0,0.0,-9.0,1008.0;1
-25.0,22.6,3.0,4.0,29.0,12.0,18.0,13.0,0.0,3.0,-4.0,-1508.0;53.0,-2.9000000000000057,18.0,1.0,-24.0,-5.0,29.0,2.0,0.0,-18.0,-30.0,3271.0;1
-31.0,16.199999999999992,1.0,0.0,-2.0,-10.0,8.0,27.0,0.0,0.0,-10.0,-374.0;-20.0,-24.600000000000005,3.0,1.0,-38.0,-13.0,11.0,9.0,0.0,-12.0,-26.0,-614.0;1
189.9,9.000000000000004,5.0,-3.0,-11.0,-18.0,4.0,9.0,0.0,-5.0,-13.0,236.0;24.0,-19.39999999999999,0.0,0.0,0.0,0.0,0.0,0.0,0.0,0.0,0.0,2017.0;1
14.0,-14.599999999999998,1.0,-9.0,22.0,28.0,27.0,8.0,0.0,-2.0,-9.0,-427.0;-16.0,-23.299999999999997,-4.0,-8.0,0.0,82.0,51.0,-38.0,0.0,9.0,4.0,-312.0;1
142.9,-11.399999999999999,2.0,-2.0,-3.0,-3.0,19.0,7.0,0.0,-7.0,-16.0,1780.0;-30.0,0.3999999999999986,5.0,-10.0,-26.0,-15.0,15.0,2.0,0.0,1.0,-10.0,1651.0;0
-26.0,7.199999999999999,0.0,0.0,0.0,0.0,0.0,0.0,0.0,0.0,0.0,-1053.0;5.0,-11.999999999999996,-12.0,-2.0,3.0,38.0,26.0,-6.0,0.0,-3.0,-8.0,18369.0;1
3.0,23.000000000000007,7.0,-4.0,14.0,-24.0,15.0,30.0,0.0,-5.0,-19.0,8587.0;-45.0,-10.500000000000004,-1.0,-1.0,22.0,49.0,36.0,-2.0,0.0,3.0,-3.0,1047.0;0
-15.0,12.399999999999999,6.0,-4.0,0.0,-8.0,13.0,23.0,0.0,-15.0,-28.0,6236.0;-28.0,18.300000000000004,0.0,-13.0,28.0,21.0,34.0,20.0,0.0,-3.0,-16.0,-275.0;0
57.0,17.600000000000005,11.0,-2.0,20.0,-18.0,3.0,22.0,0.0,11.0,5.0,449.0;52.0,-1.3999999999999986,7.0,-3.0,-81.0,-50.0,2.0,0.0,0.0,-34.0,-46.0,9429.0;1
-6.0,15.7,-8.0,0.0,15.0,27.0,29.0,2.0,0.0,-1.0,-11.0,8612.0;62.0,4.000000000000007,29.0,2.0,1.0,15.0,40.0,3.0,0.0,-5.0,-19.0,9972.0;0
-39.0,34.6,5.0,2.0,48.0,29.0,24.0,15.0,0.0,24.0,18.0,609.0;-16.0,-10.999999999999996,2.0,7.0,-26.0,1.0,34.0,-8.0,0.0,0.0,-13.0,1295.9;1
45.0,-3.4999999999999964,4.0,3.0,8.0,-20.0,19.0,27.0,0.0,-10.0,-23.0,1766.0;176.9,8.5,7.0,-9.0,-51.0,-38.0,13.0,6.0,0.0,-16.0,-32.0,11387.0;0
-42.0,46.69999999999999,-16.0,-14.0,-4.0,50.0,22.0,-6.0,0.0,-9.0,-17.0,-1932.0;-33.0,66.7,-1.0,-11.0,-2.0,-10.0,13.0,18.0,0.0,2.0,-7.0,-4097.1;0
-59.0,15.8,0.0,0.0,0.0,0.0,0.0,0.0,0.0,0.0,0.0,-373.0;41.0,1.600000000000005,19.0,3.0,25.0,3.0,37.0,22.0,0.0,4.0,-11.0,3541.0;1
-28.0,7.600000000000005,0.0,-5.0,27.0,7.0,9.0,21.0,0.0,-1.0,-6.0,1834.0;21.0,-5.0000000000000036,18.0,-9.0,-8.0,3.0,28.0,1.0,0.0,2.0,-11.0,544.0;0
158.9,20.599999999999998,0.0,0.0,0.0,0.0,0.0,0.0,0.0,0.0,0.0,2248.0;151.9,-31.2,3.0,-6.0,-11.0,-3.0,10.0,19.0,0.0,4.0,-8.0,-1610.0;0
20.0,19.3,-1.0,0.0,-44.0,-14.0,21.0,2.0,0.0,-5.0,-22.0,15855.0;34.0,-16.499999999999993,14.0,-1.0,47.0,41.0,55.0,-1.0,0.0,0.0,-9.0,4374.0;1
55.0,-20.9,11.0,-5.0,-14.0,-19.0,-1.0,18.0,0.0,-12.0,-21.0,-168.0;48.0,18.400000000000006,16.0,9.0,19.0,-4.0,20.0,5.0,0.0,7.0,0.0,21063.0;1
20.0,-12.499999999999996,7.0,8.0,-1.0,-17.0,-1.0,25.0,0.0,5.0,-6.0,3842.0;54.0,11.900000000000006,6.0,-4.0,-12.0,-20.0,11.0,12.0,0.0,-6.0,-15.0,4290.0;0
187.9,-1.0000000000000036,3.0,7.0,-28.0,-13.0,6.0,3.0,0.0,0.0,-8.0,1877.0;-23.0,12.600000000000001,9.0,7.0,-40.0,-46.0,3.0,8.0,0.0,-7.0,-20.0,6409.0;1
39.0,4.300000000000001,6.0,-9.0,-44.0,-33.0,2.0,10.0,0.0,-19.0,-36.0,5846.0;42.0,-22.90000000000001,2.0,-12.0,-7.0,6.0,19.0,11.0,0.0,-2.0,-14.0,5134.0;1
5.0,-33.0,2.0,4.0,7.0,-30.0,0.0,29.0,0.0,1.0,-10.0,-970.0;6.0,22.199999999999996,4.0,-8.0,1.0,-22.0,-11.0,25.0,0.0,-9.0,-14.0,139.0;0
9.0,-5.200000000000006,8.0,-5.0,0.0,-5.0,14.0,17.0,0.0,0.0,-11.0,-937.0;-16.0,4.800000000000004,-2.0,11.0,-29.0,-16.0,9.0,5.0,0.0,-8.0,-19.0,-2171.0;1
136.9,-16.7,-3.0,-5.0,-16.0,-2.0,16.0,10.0,0.0,0.0,-13.0,6865.0;335.8,8.399999999999995,2.0,-2.0,3.0,7.0,22.0,11.0,0.0,2.0,-8.0,605.9000000000001;0
-1.0,0.9999999999999964,7.0,-7.0,-8.0,13.0,38.0,-8.0,0.0,-2.0,-13.0,7750.0;-39.0,44.90000000000001,-4.0,-5.0,33.0,46.0,45.0,9.0,0.0,6.0,-9.0,-1089.0;0
2.0,-13.8,3.0,2.0,20.0,23.0,29.0,13.0,0.0,-2.0,-13.0,4601.0;12.0,5.799999999999994,2.0,2.0,-10.0,-6.0,7.0,17.0,0.0,-10.0,-19.0,617.0;0
56.0,-5.699999999999996,1.0,-1.0,-14.0,-16.0,6.0,17.0,0.0,-7.0,-17.0,8428.0;20.0,13.999999999999996,6.0,-10.0,-7.0,25.0,17.0,-3.0,0.0,-6.0,-15.0,-826.0;0
11.0,-20.900000000000006,2.0,-9.0,15.0,38.0,37.0,0.0,0.0,1.0,-9.0,19789.0;48.0,-3.9999999999999964,6.0,11.0,49.0,5.0,32.0,18.0,0.0,4.0,-8.0,339.0;0
186.9,4.900000000000006,4.0,3.0,-41.0,-22.0,13.0,4.0,0.0,-14.0,-29.0,1618.0;7.0,-5.299999999999997,4.0,-5.0,-28.0,-19.0,11.0,8.0,0.0,-6.0,-16.0,804.0;1
75.0,24.4,17.0,-4.0,-19.0,-35.0,10.0,34.0,0.0,-12.0,-27.0,15365.0;-42.0,-11.499999999999993,6.0,10.0,11.0,13.0,11.0,11.0,0.0,-16.0,-24.0,-537.0;1
17.0,13.799999999999997,-4.0,-3.0,-13.0,11.0,21.0,1.0,0.0,-11.0,-21.0,9166.0;35.0,-21.399999999999995,6.0,-7.0,25.0,16.0,32.0,13.0,0.0,1.0,-15.0,18740.0;0
3.0,16.399999999999995,1.0,0.0,-38.0,-26.0,15.0,16.0,0.0,-20.0,-38.0,794.0;65.0,28.3,26.0,4.0,16.0,-16.0,22.0,25.0,0.0,-6.0,-16.0,16368.0;0
28.0,-35.2,13.0,0.0,4.0,28.0,43.0,-4.0,0.0,-2.0,-13.0,10889.0;-15.0,10.999999999999993,2.0,-5.0,10.0,4.0,19.0,13.0,0.0,-3.0,-12.0,3820.0;0
35.0,-8.599999999999998,5.0,-2.0,-23.0,-3.0,24.0,-2.0,0.0,-4.0,-15.0,1413.0;16.0,-19.299999999999997,5.0,-11.0,-13.0,-3.0,12.0,12.0,0.0,-2.0,-12.0,-11735.0;1
-41.0,21.699999999999996,6.0,2.0,-27.0,-18.0,6.0,6.0,0.0,8.0,-3.0,-2906.0;2.0,6.0,6.0,-8.0,0.0,-7.0,25.0,10.0,0.0,-5.0,-17.0,7680.0;0
30.0,7.899999999999995,-2.0,-12.0,-33.0,-28.0,7.0,16.0,0.0,-2.0,-15.0,1470.0;1.0,-12.400000000000002,8.0,-19.0,-29.0,-5.0,10.0,9.0,0.0,-15.0,-28.0,12495.0;1
-55.0,1.9000000000000057,-3.0,-7.0,60.0,67.0,49.0,11.0,0.0,11.0,1.0,-319.0;-9.0,-11.800000000000004,-6.0,-8.0,12.0,29.0,28.0,2.0,0.0,-2.0,-12.0,-297.0;1
33.0,35.400000000000006,10.0,-7.0,11.0,13.0,33.0,7.0,0.0,-3.0,-15.0,15199.0;23.0,-12.499999999999996,-4.0,0.0,2.0,26.0,35.0,-2.0,0.0,5.0,-7.0,10665.0;0
5.0,3.6999999999999993,2.0,-3.0,2.0,0.0,24.0,15.0,0.0,-5.0,-18.0,-1942.0;-26.0,7.900000000000002,12.0,1.0,7.0,-38.0,-3.0,44.0,0.0,-3.0,-12.0,8290.0;1
56.0,-6.100000000000001,9.0,12.0,-21.0,-7.0,14.0,5.0,0.0,-5.0,-11.0,1069.0;47.0,-7.6000000000000085,-5.0,-16.0,-49.0,0.0,14.0,0.0,0.0,-5.0,-20.0,2094.0;1
-7.0,9.100000000000001,2.0,-8.0,-69.0,-44.0,-3.0,-3.0,0.0,-21.0,-33.0,3285.0;-32.0,-15.300000000000004,0.0,-11.0,-27.0,-11.0,15.0,13.0,0.0,-11.0,-25.0,8076.0;0
-48.0,18.60000000000001,8.0,8.0,-26.0,-51.0,-8.0,33.0,0.0,4.0,-8.0,-14725.399999999998;4.0,35.6,42.0,-12.0,-46.0,-60.0,19.0,15.0,0.0,-10.0,-28.0,41373.0;1
-66.0,34.09999999999999,4.0,-13.0,-66.0,-82.0,-20.0,31.0,0.0,-21.0,-35.0,902.0;-6.0,1.8000000000000078,8.0,-11.0,-27.0,-22.0,21.0,20.0,0.0,-6.0,-24.0,8755.0;0
-12.0,4.799999999999994,11.0,0.0,-92.0,-44.0,3.0,-4.0,0.0,-5.0,-23.0,2088.0;9.0,38.99999999999999,57.0,-11.0,-15.0,14.0,60.0,-13.0,0.0,-5.0,-23.0,41044.0;1
-16.0,12.899999999999999,-2.0,-1.0,20.0,22.0,42.0,25.0,0.0,-8.0,-25.0,18119.0;143.9,16.999999999999993,7.0,-6.0,-12.0,-16.0,30.0,18.0,0.0,-3.0,-24.0,13682.0;0
-4.0,8.600000000000001,5.0,1.0,-6.0,1.0,3.0,5.0,0.0,-6.0,-8.0,3142.0;13.0,-24.800000000000004,1.0,-3.0,9.0,14.0,12.0,5.0,0.0,3.0,-1.0,7034.0;0
-10.0,9.299999999999997,0.0,0.0,0.0,0.0,0.0,0.0,0.0,0.0,0.0,-3904.0;27.0,-10.100000000000005,0.0,0.0,0.0,0.0,0.0,0.0,0.0,0.0,0.0,135.0;1
29.0,-5.799999999999997,5.0,-9.0,-21.0,-21.0,7.0,19.0,0.0,-17.0,-29.0,658.0;46.0,-6.0,5.0,-3.0,-17.0,0.0,18.0,-2.0,0.0,-7.0,-14.0,-831.0;1
28.0,-4.100000000000005,0.0,0.0,0.0,0.0,0.0,0.0,0.0,0.0,0.0,1446.0;-14.0,15.000000000000004,1.0,-6.0,-43.0,-48.0,0.0,10.0,0.0,-14.0,-26.0,-1658.0;0
183.9,18.599999999999998,12.0,-6.0,0.0,-48.0,-6.0,22.0,0.0,-2.0,-9.0,2184.0;-6.0,3.600000000000005,0.0,0.0,0.0,0.0,0.0,0.0,0.0,0.0,0.0,-578.0;0
22.0,-14.7,9.0,1.0,-2.0,29.0,35.0,-11.0,0.0,-12.0,-21.0,16017.0;-39.0,-16.900000000000006,-7.0,-1.0,-1.0,-41.0,8.0,25.0,0.0,1.0,-10.0,4476.0;0
-5.0,-11.899999999999995,-5.0,-3.0,11.0,44.0,41.0,-13.0,0.0,-8.0,-17.0,2186.0;-2.0,21.6,5.0,4.0,11.0,-14.0,23.0,24.0,0.0,1.0,-15.0,25311.0;1
10.0,5.800000000000001,4.0,-1.0,-34.0,-40.0,-15.0,14.0,0.0,-8.0,-12.0,-1475.0;-53.0,1.8999999999999915,1.0,-13.0,-7.0,19.0,12.0,-2.0,0.0,2.0,-6.0,1163.0;1
57.0,-22.60000000000001,14.0,5.0,20.0,-24.0,6.0,25.0,0.0,10.0,2.0,131.0;16.0,17.6,-3.0,17.0,-28.0,-23.0,8.0,-15.0,0.0,-5.0,-8.0,-9.0;1
120.9,25.300000000000004,0.0,0.0,0.0,0.0,0.0,0.0,0.0,0.0,0.0,1448.0;16.0,2.1999999999999957,0.0,2.0,-37.0,-19.0,-3.0,10.0,0.0,-11.0,-20.0,19.0;0
22.0,-12.700000000000006,-4.0,-11.0,22.0,53.0,42.0,5.0,0.0,-2.0,-15.0,36709.0;-7.0,12.200000000000003,11.0,-1.0,-6.0,-20.0,-1.0,12.0,0.0,0.0,-6.0,3892.0;0
46.0,-27.399999999999995,4.0,3.0,-3.0,-13.0,6.0,11.0,0.0,-3.0,-10.0,-3522.0;22.0,-17.199999999999992,2.0,2.0,-9.0,7.0,42.0,-3.0,0.0,-5.0,-18.0,13948.0;1
-43.0,11.000000000000007,3.0,-2.0,11.0,-31.0,5.0,31.0,0.0,-6.0,-17.0,2225.0;31.0,1.1999999999999957,15.0,-9.0,-36.0,-29.0,4.0,2.0,0.0,-10.0,-19.0,11.0;0
9.0,-6.099999999999994,4.0,-6.0,-11.0,9.0,11.0,13.0,0.0,2.0,-9.0,5801.0;-4.0,-16.499999999999993,10.0,-2.0,8.0,-6.0,28.0,12.0,0.0,0.0,-12.0,7443.0;0
306.8,16.0,1.0,-2.0,32.0,15.0,18.0,20.0,0.0,12.0,5.0,5656.0;29.0,-14.799999999999997,12.0,4.0,2.0,-17.0,12.0,17.0,0.0,-4.0,-14.0,735.0;0
156.9,19.999999999999993,0.0,-11.0,12.0,17.0,22.0,8.0,0.0,5.0,-3.0,2442.0;45.0,-32.2,-1.0,-9.0,-7.0,21.0,26.0,-1.0,0.0,1.0,-8.0,412.0;0
22.0,14.100000000000001,12.0,0.0,2.0,19.0,31.0,-9.0,0.0,-2.0,-9.0,18531.0;1.0,11.3,18.0,4.0,-39.0,-52.0,-5.0,26.0,0.0,-14.0,-30.0,13838.0;1
22.0,9.499999999999996,4.0,8.0,-7.0,-28.0,7.0,15.0,0.0,1.0,-7.0,-1416.0;11.0,23.400000000000006,-1.0,-5.0,-15.0,1.0,20.0,-6.0,0.0,-2.0,-10.0,800.0;1
41.0,-19.8,1.0,8.0,-16.0,6.0,25.0,-2.0,0.0,-1.0,-13.0,19126.0;-29.0,-11.899999999999999,4.0,-14.0,-39.0,11.0,2.0,-4.0,0.0,-23.0,-28.0,2129.0;0
-16.0,-26.999999999999996,2.0,-10.0,4.0,18.0,36.0,7.0,0.0,-2.0,-16.0,511.0;-36.0,33.3,0.0,-9.0,38.0,17.0,23.0,20.0,0.0,14.0,5.0,-363.0;1
27.0,20.299999999999997,12.0,12.0,-56.0,-38.0,1.0,-4.0,0.0,-17.0,-23.0,-4128.0;7.0,3.6999999999999993,-1.0,-11.0,-32.0,-26.0,-4.0,14.0,0.0,-8.0,-17.0,1201.0;0
19.0,7.9999999999999964,14.0,-4.0,31.0,-13.0,10.0,29.0,0.0,12.0,5.0,116.0;-2.0,5.0,3.0,4.0,6.0,-4.0,34.0,11.0,0.0,8.0,-8.0,1072.0;1
20.0,1.999999999999993,-1.0,3.0,10.0,19.0,26.0,3.0,0.0,-5.0,-13.0,14978.0;8.0,-27.199999999999992,12.0,-5.0,-10.0,-13.0,18.0,7.0,0.0,-9.0,-20.0,6679.0;1
-45.0,27.2,2.0,-10.0,17.0,18.0,26.0,12.0,0.0,-6.0,-18.0,-160.0;4.0,11.600000000000005,-1.0,9.0,33.0,31.0,35.0,9.0,0.0,0.0,-9.0,-876.0;0
24.0,-5.100000000000001,-2.0,3.0,-8.0,1.0,29.0,-1.0,0.0,7.0,-3.0,6832.0;2.0,23.599999999999994,8.0,0.0,24.0,-4.0,7.0,33.0,0.0,7.0,-3.0,-3011.0;1
-6.0,10.699999999999996,0.0,-10.0,-25.0,-3.0,2.0,5.0,0.0,-8.0,-15.0,-950.0;25.0,21.9,2.0,-4.0,9.0,11.0,28.0,11.0,0.0,5.0,-5.0,-1282.0;0
58.0,-11.200000000000003,2.0,-2.0,-16.0,2.0,17.0,-19.0,0.0,0.0,-5.0,999.0;-1.0,-14.599999999999998,7.0,3.0,23.0,14.0,29.0,14.0,0.0,2.0,-10.0,-64.0;0
-20.0,-0.10000000000000142,-7.0,-4.0,-5.0,30.0,20.0,-4.0,0.0,1.0,-6.0,1841.0;44.0,-1.6000000000000014,9.0,-8.0,-14.0,12.0,35.0,-2.0,0.0,-1.0,-13.0,-2737.0;1
28.0,-2.599999999999998,29.0,4.0,35.0,6.0,19.0,28.0,0.0,-6.0,-17.0,528.0;20.0,-7.199999999999992,12.0,-10.0,-46.0,-22.0,7.0,-4.0,0.0,-10.0,-19.0,322.0;1
16.0,34.900000000000006,17.0,2.0,-46.0,-48.0,-7.0,18.0,0.0,-9.0,-20.0,4097.0;171.9,-3.5000000000000036,8.0,-5.0,22.0,47.0,39.0,-2.0,0.0,8.0,-2.0,5076.0;0
38.0,-14.300000000000004,15.0,-5.0,29.0,19.0,41.0,23.0,0.0,-3.0,-20.0,4645.0;-44.0,1.999999999999993,-1.0,1.0,5.0,25.0,28.0,4.0,0.0,2.0,-10.0,-878.0;0
145.9,-3.900000000000002,-2.0,-10.0,-49.0,-14.0,15.0,-1.0,0.0,-12.0,-26.0,2923.0;-5.0,11.999999999999996,0.0,0.0,46.0,71.0,47.0,-2.0,0.0,14.0,6.0,-144.0;0
62.0,-21.099999999999994,9.0,-6.0,7.0,10.0,20.0,12.0,0.0,0.0,-15.0,-3202.0;11.0,-18.2,-1.0,8.0,-1.0,29.0,50.0,6.0,0.0,-10.0,-31.0,16478.0;0
-10.0,-10.299999999999994,-2.0,-12.0,38.0,78.0,59.0,-4.0,0.0,1.0,-13.0,37087.0;-39.0,12.899999999999995,8.0,3.0,8.0,-22.0,10.0,24.0,0.0,-10.0,-18.0,-3368.0;0
38.0,-13.499999999999993,-9.0,-11.0,-61.0,6.0,22.0,-16.0,0.0,-9.0,-23.0,-3912.0;57.0,5.799999999999994,2.0,19.0,-25.0,-14.0,20.0,10.0,0.0,-11.0,-25.0,5203.0;0
3.0,20.900000000000002,6.0,4.0,-19.0,-4.0,33.0,-5.0,0.0,-5.0,-15.0,15985.0;-1.0,14.5,-1.0,4.0,6.0,14.0,25.0,4.0,0.0,-8.0,-13.0,9561.0;1
17.0,11.00000000000001,13.0,-9.0,-7.0,-19.0,19.0,15.0,0.0,-3.0,-16.0,3403.0;6.0,24.900000000000006,23.0,-3.0,5.0,-10.0,16.0,27.0,0.0,-8.0,-22.0,-7281.0;1
34.0,-9.600000000000005,20.0,-1.0,6.0,2.0,17.0,3.0,0.0,-2.0,-6.0,8099.0;-25.0,4.300000000000004,6.0,7.0,9.0,2.0,25.0,5.0,0.0,-6.0,-16.0,3147.0;1
-2.0,0.10000000000000497,-1.0,-7.0,8.0,2.0,15.0,15.0,0.0,0.0,-8.0,5027.0;47.0,6.600000000000001,3.0,-1.0,10.0,31.0,42.0,-3.0,0.0,-1.0,-13.0,-3787.0;1
-3.0,3.799999999999997,4.0,-3.0,-32.0,-4.0,12.0,-10.0,0.0,0.0,-8.0,12755.0;11.0,-22.099999999999994,3.0,-5.0,-61.0,-21.0,17.0,-9.0,0.0,-13.0,-26.0,20544.0;0
-52.0,-13.000000000000007,-14.0,-4.0,-1.0,-14.0,-2.0,22.0,0.0,-2.0,-9.0,85.0;43.0,-1.3999999999999986,10.0,-4.0,48.0,28.0,38.0,13.0,0.0,10.0,-1.0,-4869.0;0
-26.0,-9.500000000000004,0.0,-6.0,-21.0,22.0,29.0,-7.0,0.0,0.0,-10.0,4278.0;-14.0,-0.09999999999999787,-3.0,-1.0,-11.0,0.0,16.0,3.0,0.0,-2.0,-11.0,21247.0;0
10.0,27.000000000000007,2.0,5.0,-37.0,-26.0,2.0,20.0,0.0,-14.0,-26.0,26432.0;-15.0,34.00000000000001,6.0,-6.0,32.0,25.0,44.0,12.0,0.0,9.0,-4.0,6805.0;0
-28.0,38.5,-1.0,-9.0,-1.0,43.0,54.0,-11.0,0.0,-16.0,-31.0,11987.0;-39.0,46.09999999999999,6.0,1.0,16.0,6.0,27.0,3.0,0.0,-18.0,-26.0,18571.0;0
98.0,4.500000000000011,9.0,11.0,-19.0,-15.0,24.0,14.0,0.0,-7.0,-24.0,21970.0;35.0,-17.600000000000005,29.0,-2.0,-43.0,-37.0,23.0,21.0,0.0,-3.0,-27.0,13492.0;1
-20.0,50.19999999999999,45.0,-19.0,-18.0,-12.0,32.0,24.0,0.0,-17.0,-37.0,-10961.0;-25.0,12.999999999999993,-11.0,-1.0,13.0,20.0,45.0,4.0,0.0,7.0,-7.0,10692.0;1
15.0,-21.8,0.0,0.0,0.0,0.0,0.0,0.0,0.0,0.0,0.0,8044.0;32.0,11.5,0.0,0.0,0.0,0.0,0.0,0.0,0.0,0.0,0.0,3222.0;1
52.0,-18.1,4.0,3.0,4.0,-8.0,13.0,13.0,0.0,0.0,-9.0,-2347.0;51.0,-6.700000000000003,-1.0,2.0,-38.0,-18.0,12.0,9.0,0.0,-16.0,-29.0,3479.0;0
35.0,-12.999999999999996,-6.0,4.0,-35.0,-6.0,12.0,-4.0,0.0,-20.0,-27.0,3605.0;183.9,-6.099999999999998,4.0,0.0,-70.0,-48.0,13.0,-9.0,0.0,-20.0,-34.0,736.0;1
10.0,5.800000000000004,-3.0,1.0,-4.0,13.0,37.0,14.0,0.0,1.0,-18.0,39699.0;26.0,-15.600000000000005,4.0,-6.0,-1.0,-19.0,9.0,10.0,0.0,-3.0,-11.0,2910.0;0
-28.0,-1.1999999999999993,-11.0,-17.0,-38.0,60.0,41.0,-41.0,0.0,-22.0,-30.0,-302.0;16.0,-3.400000000000002,-2.0,0.0,8.0,27.0,34.0,1.0,0.0,-1.0,-10.0,753.0;1
-38.0,7.900000000000002,7.0,-16.0,-7.0,-4.0,6.0,5.0,0.0,-1.0,-4.0,-3566.0;11.0,29.800000000000004,12.0,1.0,-28.0,-30.0,-7.0,9.0,0.0,1.0,-2.0,2373.0;0
34.0,-24.099999999999994,-4.0,8.0,-4.0,-4.0,12.0,11.0,0.0,-3.0,-14.0,-1738.0;-19.0,8.999999999999996,-1.0,-6.0,-15.0,3.0,19.0,16.0,0.0,-7.0,-21.0,1239.0;1
7.0,-4.900000000000006,8.0,-25.0,-51.0,-26.0,2.0,5.0,0.0,-11.0,-20.0,-253.0;-10.0,-19.400000000000006,0.0,0.0,0.0,0.0,0.0,0.0,0.0,0.0,0.0,-810.0;1
2.0,-4.0000000000000036,1.0,0.0,-10.0,-2.0,27.0,5.0,0.0,-11.0,-25.0,18383.0;-11.0,-11.400000000000002,-1.0,-3.0,-5.0,22.0,12.0,1.0,0.0,-13.0,-22.0,5427.0;1
-40.0,5.999999999999993,-6.0,-12.0,-29.0,18.0,38.0,-15.0,0.0,-3.0,-18.0,1561.0;127.9,-16.400000000000006,-1.0,-3.0,-30.0,-17.0,2.0,5.0,0.0,-9.0,-18.0,6862.0;0
-31.0,32.599999999999994,1.0,-3.0,-11.0,-26.0,9.0,17.0,0.0,-10.0,-23.0,8782.0;-4.0,-15.599999999999998,5.0,19.0,3.0,2.0,22.0,-1.0,0.0,7.0,1.0,-1638.0;0
-1.0,10.7,1.0,-5.0,-32.0,-4.0,26.0,-7.0,0.0,-14.0,-26.0,-1526.0;-38.0,-10.099999999999998,-2.0,-11.0,-4.0,26.0,36.0,4.0,0.0,-2.0,-17.0,4614.0;1
-29.0,3.400000000000002,2.0,-8.0,30.0,47.0,51.0,-4.0,0.0,8.0,-4.0,10868.0;-43.0,14.999999999999996,15.0,-19.0,-32.0,-26.0,-14.0,11.0,0.0,-4.0,-10.0,-564.0;0
-19.0,-8.400000000000002,0.0,4.0,-42.0,-44.0,-10.0,1.0,0.0,2.0,-1.0,-5820.0;-5.0,-18.599999999999998,-10.0,-5.0,-51.0,-9.0,11.0,-15.0,0.0,-16.0,-25.0,-35.0;1
178.9,12.299999999999997,1.0,7.0,31.0,29.0,33.0,17.0,0.0,9.0,-2.0,5492.0;7.0,-6.8999999999999915,4.0,-11.0,17.0,27.0,24.0,16.0,0.0,-1.0,-10.0,9198.0;1
37.0,36.69999999999999,9.0,16.0,8.0,-17.0,12.0,10.0,0.0,-4.0,-10.0,1280.0;-38.0,-7.199999999999996,-2.0,-10.0,9.0,5.0,14.0,25.0,0.0,-4.0,-18.0,-2100.0;0
25.0,-7.199999999999999,3.0,-13.0,-33.0,-13.0,8.0,-1.0,0.0,-1.0,-9.0,-1851.0;-24.0,16.599999999999998,-1.0,-1.0,-1.0,-27.0,18.0,16.0,0.0,-1.0,-15.0,-802.0;0
56.0,-11.899999999999995,18.0,7.0,26.0,-27.0,-8.0,38.0,0.0,0.0,-6.0,-2810.0;-16.0,-3.29999999999999,-3.0,-11.0,-5.0,4.0,14.0,9.0,0.0,-8.0,-18.0,-5875.0;1
-7.0,-29.399999999999995,-11.0,-6.0,20.0,50.0,32.0,-2.0,0.0,14.0,8.0,-689.0;206.9,-17.800000000000004,11.0,3.0,-24.0,-27.0,0.0,3.0,0.0,-6.0,-13.0,-997.0;1
-8.0,-3.799999999999997,-1.0,-6.0,15.0,49.0,55.0,-7.0,0.0,-12.0,-26.0,2558.0;-14.0,18.7,6.0,1.0,-39.0,-37.0,5.0,3.0,0.0,-9.0,-21.0,4613.0;0
15.0,-22.6,15.0,-2.0,10.0,21.0,34.0,-4.0,0.0,-5.0,-14.0,-2342.0;35.0,20.2,6.0,-11.0,-39.0,-41.0,-1.0,18.0,0.0,-11.0,-25.0,2082.0;1
-12.0,19.900000000000006,4.0,-4.0,-25.0,-17.0,8.0,17.0,0.0,-4.0,-18.0,5123.0;-26.0,14.499999999999993,-7.0,1.0,11.0,31.0,29.0,5.0,0.0,1.0,-10.0,-1987.0;1
54.0,8.7,8.0,11.0,51.0,24.0,38.0,22.0,0.0,2.0,-9.0,916.0;-65.0,0.4000000000000057,1.0,-6.0,-35.0,-14.0,6.0,12.0,0.0,-4.0,-15.0,446.0;0
11.0,0.6999999999999993,1.0,17.0,34.0,27.0,38.0,10.0,0.0,9.0,-2.0,-1046.0;4.0,-8.200000000000006,-3.0,-15.0,-24.0,22.0,23.0,-9.0,0.0,1.0,-8.0,-2220.0;1
48.0,22.599999999999998,10.0,-4.0,-35.0,-17.0,1.0,17.0,0.0,-14.0,-27.0,7545.0;19.0,-13.100000000000001,2.0,-10.0,-12.0,29.0,28.0,-9.0,0.0,3.0,-2.0,4897.0;0
20.0,11.8,3.0,-9.0,-10.0,37.0,28.0,-17.0,0.0,-12.0,-18.0,304.0;-1.0,5.299999999999994,9.0,-9.0,3.0,-1.0,23.0,6.0,0.0,-7.0,-18.0,1625.0;0
23.0,-11.099999999999998,9.0,4.0,11.0,16.0,22.0,11.0,0.0,-4.0,-12.0,3907.0;24.0,-1.3000000000000007,11.0,-8.0,30.0,-11.0,16.0,29.0,0.0,11.0,-1.0,-1109.0;1
7.0,13.299999999999994,0.0,-6.0,-86.0,-36.0,1.0,-11.0,0.0,-14.0,-26.0,1860.0;-50.0,20.9,7.0,-7.0,20.0,11.0,34.0,19.0,0.0,0.0,-15.0,3205.0;1
25.0,-28.1,4.0,-11.0,-38.0,-37.0,-10.0,13.0,0.0,-20.0,-27.0,-2005.0;1.0,-12.2,-5.0,1.0,3.0,-13.0,2.0,20.0,0.0,10.0,1.0,-741.0;1
-8.0,32.300000000000004,44.0,-11.0,-30.0,-12.0,39.0,2.0,0.0,-15.0,-36.0,17393.0;64.0,4.899999999999995,17.0,-2.0,1.0,0.0,25.0,14.0,0.0,-3.0,-17.0,33699.0;0
31.0,-10.599999999999994,0.0,-2.0,19.0,49.0,56.0,10.0,0.0,1.0,-18.0,42125.0;69.0,6.799999999999994,8.0,-2.0,-45.0,2.0,32.0,2.0,0.0,-12.0,-32.0,28613.0;0
26.0,-16.700000000000006,-6.0,11.0,16.0,25.0,24.0,-3.0,0.0,-8.0,-14.0,26360.0;-20.0,32.80000000000001,25.0,-17.0,-80.0,-54.0,4.0,10.0,0.0,-19.0,-35.0,4390.0;1
18.0,-6.0000000000000036,-5.0,12.0,11.0,55.0,60.0,-13.0,0.0,-2.0,-19.0,30337.0;82.0,-1.7999999999999972,7.0,-6.0,-21.0,19.0,29.0,2.0,0.0,-2.0,-17.0,29630.0;0
73.0,5.499999999999993,5.0,18.0,43.0,54.0,60.0,2.0,0.0,9.0,-4.0,26408.0;-34.0,-3.799999999999997,6.0,-14.0,-33.0,22.0,54.0,-12.0,0.0,-8.0,-28.0,23237.0;1
22.0,6.899999999999999,22.0,-4.0,-38.0,-31.0,6.0,13.0,0.0,-4.0,-17.0,-5569.0;48.0,10.300000000000004,16.0,1.0,33.0,16.0,15.0,10.0,0.0,13.0,9.0,-1588.0;0
-26.0,21.200000000000003,2.0,-1.0,-4.0,17.0,21.0,7.0,0.0,-1.0,-8.0,11140.0;33.0,-9.000000000000007,-1.0,-1.0,7.0,44.0,47.0,-16.0,0.0,1.0,-9.0,12523.0;1
50.0,-2.9000000000000092,22.0,-13.0,-14.0,1.0,30.0,4.0,0.0,-4.0,-16.0,11224.0;-1.0,29.099999999999998,7.0,7.0,-4.0,9.0,25.0,4.0,0.0,-2.0,-13.0,-1186.0;0
-4.0,-10.700000000000006,-1.0,-1.0,-4.0,9.0,17.0,3.0,0.0,-2.0,-12.0,11192.0;-45.0,-19.7,3.0,0.0,9.0,0.0,13.0,18.0,0.0,5.0,-6.0,-3846.0;1
5.0,-1.3000000000000043,-8.0,-8.0,-48.0,-6.0,3.0,-5.0,0.0,-16.0,-24.0,15377.0;36.0,2.6999999999999993,5.0,8.0,22.0,5.0,13.0,11.0,0.0,4.0,0.0,10202.0;1
6.0,9.899999999999995,6.0,-5.0,-24.0,-7.0,12.0,-6.0,0.0,-5.0,-10.0,7524.0;40.0,-0.6999999999999993,4.0,6.0,-2.0,0.0,19.0,0.0,0.0,-1.0,-10.0,21734.0;1
2.0,10.8,-1.0,-7.0,29.0,24.0,23.0,2.0,0.0,2.0,-1.0,12084.0;15.0,3.0,1.0,-3.0,-19.0,-1.0,19.0,7.0,0.0,-11.0,-25.0,24542.0;1
-7.0,7.300000000000001,-7.0,3.0,19.0,20.0,15.0,1.0,0.0,-2.0,-4.0,7140.0;17.0,-7.200000000000003,3.0,-4.0,-13.0,-21.0,2.0,17.0,0.0,-5.0,-15.0,5180.0;1
-20.0,-6.900000000000002,5.0,-18.0,-61.0,2.0,23.0,-17.0,0.0,-13.0,-26.0,13714.0;23.0,-11.200000000000006,12.0,1.0,-1.0,-17.0,13.0,9.0,0.0,-5.0,-11.0,-1530.0;0
0.0,21.9,17.0,-2.0,-17.0,-15.0,20.0,7.0,0.0,-5.0,-17.0,3936.0;-2.0,-2.6999999999999957,0.0,7.0,31.0,20.0,29.0,13.0,0.0,9.0,-4.0,1092.0;0
5.0,16.799999999999997,-3.0,30.0,-2.0,-24.0,0.0,14.0,0.0,7.0,4.0,6925.0;-46.0,-6.699999999999999,-12.0,3.0,4.0,10.0,10.0,13.0,0.0,2.0,-6.0,3397.0;1
-19.0,-0.3999999999999986,-7.0,0.0,59.0,48.0,27.0,24.0,0.0,14.0,7.0,6114.0;-17.0,19.899999999999995,-2.0,-6.0,-48.0,4.0,21.0,-12.0,0.0,-16.0,-29.0,3898.0;1
73.0,7.699999999999996,1.0,11.0,6.0,38.0,66.0,-2.0,0.0,7.0,-16.0,24131.0;45.0,-13.90000000000001,4.0,5.0,14.0,11.0,24.0,14.0,0.0,-3.0,-17.0,29225.0;1
92.0,0.8000000000000114,5.0,2.0,-43.0,-3.0,35.0,4.0,0.0,-3.0,-26.0,37112.0;-52.0,-1.6000000000000014,-18.0,-8.0,-59.0,20.0,38.0,-37.0,0.0,-9.0,-18.0,-2438.0;0
1.0,29.7,68.0,-14.0,-23.0,-19.0,22.0,22.0,0.0,-6.0,-19.0,13659.0;-20.0,-0.09999999999999076,0.0,-15.0,18.0,65.0,59.0,-2.0,0.0,-12.0,-31.0,34302.0;0
-11.0,34.39999999999999,43.0,-6.0,-48.0,-33.0,33.0,17.0,0.0,-11.0,-37.0,33152.0;41.0,-17.3,-8.0,-1.0,-20.0,-8.0,36.0,4.0,0.0,4.0,-14.0,36782.0;0
5.0,21.9,7.0,3.0,-4.0,-3.0,8.0,3.0,0.0,1.0,-4.0,4119.0;66.0,1.3000000000000007,6.0,2.0,13.0,18.0,17.0,-5.0,0.0,-4.0,-7.0,10200.0;0
53.0,-8.100000000000005,13.0,5.0,-25.0,-6.0,14.0,-3.0,0.0,-13.0,-22.0,2003.0;11.0,9.699999999999992,4.0,0.0,-9.0,-3.0,18.0,4.0,0.0,-5.0,-15.0,-659.0;1
170.9,15.099999999999994,0.0,-19.0,-35.0,0.0,16.0,-5.0,0.0,-8.0,-20.0,856.0;158.9,25.199999999999996,-3.0,-14.0,-38.0,0.0,29.0,0.0,0.0,-15.0,-29.0,965.0;1
57.0,-1.4000000000000057,9.0,-10.0,-13.0,18.0,23.0,-2.0,0.0,-13.0,-23.0,5494.0;23.0,1.5,-1.0,-4.0,-1.0,12.0,31.0,11.0,0.0,-3.0,-19.0,9137.0;1
6.0,-6.699999999999996,10.0,-3.0,65.0,56.0,55.0,8.0,0.0,5.0,-8.0,896.0;154.9,11.799999999999997,4.0,-1.0,5.0,13.0,39.0,-2.0,0.0,2.0,-10.0,-251.0;0
-33.0,9.499999999999996,-1.0,-1.0,9.0,20.0,41.0,1.0,0.0,-14.0,-29.0,466.0;25.0,2.8999999999999915,1.0,19.0,-4.0,12.0,27.0,-7.0,0.0,-3.0,-11.0,-2030.0;0
4.0,10.399999999999999,0.0,0.0,0.0,0.0,0.0,0.0,0.0,0.0,0.0,1111.0;21.0,11.600000000000001,0.0,0.0,0.0,0.0,0.0,0.0,0.0,0.0,0.0,1940.0;1
-10.0,24.500000000000004,10.0,8.0,-2.0,-23.0,21.0,15.0,0.0,-6.0,-19.0,16567.0;-22.0,25.200000000000003,0.0,0.0,0.0,0.0,0.0,0.0,0.0,0.0,0.0,-114.0;0
-25.0,-3.299999999999997,-10.0,-7.0,45.0,45.0,16.0,0.0,0.0,6.0,6.0,-2371.0;4.0,-7.299999999999994,1.0,-14.0,8.0,17.0,34.0,12.0,0.0,2.0,-12.0,-943.0;1
19.0,15.899999999999995,9.0,-16.0,-23.0,-27.0,9.0,12.0,0.0,-3.0,-15.0,4545.0;-5.0,-24.2,-9.0,-13.0,-78.0,-34.0,-4.0,-9.0,0.0,-25.0,-33.0,-1599.0;0
-6.0,-4.299999999999997,0.0,0.0,0.0,0.0,0.0,0.0,0.0,0.0,0.0,3470.0;23.0,16.499999999999993,0.0,0.0,0.0,0.0,0.0,0.0,0.0,0.0,0.0,-740.0;0
16.0,-30.60000000000001,-3.0,-15.0,7.0,-5.0,7.0,35.0,0.0,-10.0,-20.0,-1906.0;37.0,27.10000000000001,-19.0,0.0,-25.0,17.0,25.0,-8.0,0.0,-12.0,-19.0,84.0;1
17.0,1.399999999999995,0.0,-4.0,18.0,49.0,35.0,4.0,0.0,2.0,-8.0,-3622.0;-24.0,-13.200000000000003,2.0,0.0,16.0,8.0,22.0,3.0,0.0,3.0,-5.0,922.0;1
7.0,26.199999999999996,1.0,-11.0,-9.0,8.0,14.0,11.0,0.0,-16.0,-28.0,-803.0;151.9,0.09999999999999432,4.0,-10.0,-27.0,5.0,36.0,-2.0,0.0,-6.0,-22.0,4536.0;1
-43.0,14.7,-1.0,-4.0,6.0,-4.0,6.0,7.0,0.0,1.0,-2.0,9672.0;-13.0,-3.899999999999995,-2.0,-4.0,-19.0,20.0,33.0,-7.0,0.0,-13.0,-26.0,17415.0;0
2.0,35.4,16.0,-4.0,-5.0,-11.0,17.0,14.0,0.0,0.0,-12.0,6571.0;46.0,-18.299999999999994,4.0,-2.0,2.0,-19.0,16.0,20.0,0.0,2.0,-11.0,3138.0;0
-9.0,-0.09999999999999787,11.0,-12.0,-3.0,17.0,33.0,5.0,0.0,0.0,-14.0,22788.0;191.9,-24.500000000000007,8.0,5.0,26.0,14.0,29.0,11.0,0.0,5.0,-5.0,4070.0;0
-20.0,-20.299999999999997,0.0,-3.0,-12.0,57.0,49.0,-27.0,0.0,-7.0,-17.0,138.0;7.0,-6.700000000000003,-2.0,-2.0,-10.0,12.0,26.0,-3.0,0.0,-6.0,-13.0,9273.0;1
-34.0,35.19999999999999,-2.0,-10.0,-23.0,-50.0,-17.0,32.0,0.0,-15.0,-24.0,650.0;-49.0,31.8,0.0,0.0,0.0,0.0,0.0,0.0,0.0,0.0,0.0,305.0;0
80.0,-15.300000000000004,31.0,0.0,-32.0,-27.0,5.0,8.0,0.0,-15.0,-24.0,-582.0;-39.0,22.69999999999999,13.0,-9.0,5.0,-13.0,25.0,8.0,0.0,-3.0,-15.0,-3276.0;0
-47.0,17.200000000000003,-4.0,-11.0,-15.0,62.0,44.0,-22.0,0.0,-15.0,-27.0,15960.0;-26.0,-19.800000000000008,0.0,-15.0,-3.0,25.0,42.0,1.0,0.0,1.0,-17.0,3141.0;0
32.0,-8.100000000000001,1.0,7.0,-23.0,-20.0,7.0,13.0,0.0,-7.0,-20.0,3630.0;-10.0,8.199999999999996,5.0,1.0,-25.0,-15.0,10.0,8.0,0.0,-6.0,-16.0,17387.0;0
3.0,-11.500000000000004,7.0,-1.0,8.0,21.0,33.0,4.0,0.0,3.0,-12.0,-1950.0;-42.0,10.199999999999996,22.0,-12.0,-26.0,-22.0,7.0,4.0,0.0,-8.0,-17.0,4207.0;0
-17.0,-8.999999999999996,14.0,-12.0,-9.0,11.0,32.0,-3.0,0.0,-7.0,-18.0,26105.0;26.0,-7.79999999999999,-16.0,-4.0,22.0,66.0,59.0,-22.0,0.0,-1.0,-7.0,2194.0;0
-58.0,32.400000000000006,2.0,-9.0,-27.0,-13.0,7.0,19.0,0.0,-16.0,-30.0,7083.0;42.0,-2.299999999999997,3.0,2.0,-44.0,-27.0,1.0,9.0,0.0,-7.0,-19.0,18126.0;0
17.0,-18.499999999999996,7.0,7.0,14.0,-26.0,6.0,23.0,0.0,1.0,-4.0,3563.0;-59.0,2.5000000000000036,-1.0,-11.0,-14.0,16.0,36.0,-9.0,0.0,-16.0,-30.0,2902.0;0
-3.0,-17.300000000000004,3.0,-5.0,31.0,35.0,42.0,5.0,0.0,-3.0,-16.0,825.0;29.0,16.400000000000002,10.0,-17.0,16.0,12.0,18.0,11.0,0.0,-3.0,-10.0,42962.0;1
-17.0,6.800000000000001,4.0,-3.0,-20.0,-29.0,2.0,24.0,0.0,-12.0,-25.0,6843.0;9.0,-8.399999999999995,19.0,1.0,1.0,6.0,18.0,6.0,0.0,-10.0,-18.0,1884.0;0
7.0,5.599999999999994,-7.0,-3.0,-20.0,-36.0,-7.0,18.0,0.0,-7.0,-16.0,-445.0;-8.0,1.2999999999999936,17.0,-2.0,-16.0,-4.0,18.0,0.0,0.0,1.0,-7.0,1965.0;0
31.0,7.300000000000001,12.0,-1.0,-67.0,-79.0,-23.0,14.0,0.0,-14.0,-21.0,-2137.0;22.0,16.500000000000004,1.0,-7.0,-46.0,-4.0,10.0,-1.0,0.0,-8.0,-20.0,-570.0;0
22.0,7.299999999999997,-10.0,-24.0,-33.0,13.0,17.0,-4.0,0.0,-4.0,-13.0,-141.0;30.0,-7.4999999999999964,1.0,5.0,27.0,20.0,34.0,2.0,0.0,-4.0,-11.0,1106.0;1
3.0,16.5,-1.0,-4.0,8.0,12.0,20.0,26.0,0.0,-6.0,-23.0,5713.0;13.0,25.399999999999995,16.0,-7.0,-17.0,-9.0,19.0,12.0,0.0,-12.0,-26.0,45650.0;1
43.0,24.800000000000008,5.0,-6.0,-28.0,-15.0,20.0,7.0,0.0,-4.0,-13.0,44494.0;55.0,8.300000000000004,14.0,7.0,-36.0,-6.0,27.0,-2.0,0.0,-10.0,-26.0,44922.0;0
109.0,-0.7999999999999972,12.0,8.0,-2.0,5.0,34.0,0.0,0.0,1.0,-12.0,37282.0;5.0,-15.899999999999995,0.0,-13.0,-12.0,40.0,32.0,-18.0,0.0,-8.0,-15.0,-3940.0;0
79.0,-0.9000000000000092,10.0,8.0,-28.0,-27.0,16.0,10.0,0.0,-11.0,-26.0,39412.0;37.0,24.199999999999992,34.0,-1.0,3.0,14.0,31.0,8.0,0.0,-7.0,-21.0,34063.0;1
-3.0,32.2,10.0,-1.0,11.0,18.0,31.0,9.0,0.0,2.0,-8.0,22432.0;1.0,-13.200000000000006,4.0,-3.0,-13.0,-6.0,23.0,-9.0,0.0,-2.0,-8.0,-6720.0;0
-8.0,8.100000000000001,0.0,-10.0,12.0,18.0,29.0,4.0,0.0,1.0,-5.0,69.0;42.0,17.499999999999996,2.0,-5.0,-51.0,-42.0,-11.0,14.0,0.0,-18.0,-23.0,-252.0;1
-1.0,-7.200000000000003,-5.0,0.0,-2.0,-52.0,-18.0,36.0,0.0,-5.0,-10.0,-7378.0;-4.0,5.699999999999999,-14.0,-6.0,-16.0,9.0,13.0,3.0,0.0,-6.0,-15.0,-4599.0;1
30.0,1.2000000000000028,5.0,5.0,-34.0,-7.0,6.0,-16.0,0.0,-13.0,-17.0,21100.0;-16.0,11.100000000000001,5.0,-1.0,30.0,37.0,28.0,-2.0,0.0,3.0,-2.0,11093.0;0
29.0,36.900000000000006,20.0,-10.0,11.0,8.0,44.0,15.0,0.0,1.0,-18.0,37605.0;41.0,-7.900000000000006,3.0,6.0,-13.0,9.0,23.0,2.0,0.0,-10.0,-23.0,21931.0;0
-12.0,7.600000000000005,7.0,-14.0,-25.0,-33.0,-1.0,26.0,0.0,-10.0,-22.0,145.0;20.0,-2.400000000000002,-8.0,-1.0,35.0,40.0,30.0,11.0,0.0,14.0,5.0,8424.0;1
-14.0,35.5,12.0,-5.0,53.0,38.0,48.0,14.0,0.0,3.0,-9.0,24236.0;44.0,-3.099999999999998,1.0,-3.0,3.0,16.0,40.0,5.0,0.0,-3.0,-19.0,26527.0;1
-41.0,-4.399999999999999,-21.0,-14.0,17.0,123.0,61.0,-36.0,0.0,7.0,0.0,10265.0;20.0,-9.900000000000006,14.0,4.0,-32.0,-33.0,1.0,12.0,0.0,5.0,-7.0,2914.0;1
-9.0,-10.7,2.0,-9.0,5.0,5.0,16.0,2.0,0.0,-3.0,-8.0,13965.0;-40.0,3.4999999999999964,-16.0,0.0,11.0,24.0,18.0,7.0,0.0,3.0,-4.0,1327.0;1
-3.0,31.600000000000005,17.0,-13.0,-19.0,-6.0,25.0,3.0,0.0,-9.0,-21.0,38008.0;21.0,-4.599999999999998,-3.0,15.0,-2.0,14.0,32.0,-7.0,0.0,4.0,-6.0,26905.0;1
-26.0,-16.2,7.0,3.0,-6.0,0.0,19.0,8.0,0.0,-5.0,-18.0,-706.0;46.0,-2.500000000000007,-3.0,-9.0,-27.0,-15.0,-10.0,-1.0,0.0,2.0,-2.0,8969.0;0
-35.0,40.800000000000004,10.0,-10.0,33.0,46.0,48.0,21.0,0.0,16.0,-4.0,7801.0;37.0,-11.90000000000001,0.0,5.0,11.0,37.0,56.0,17.0,0.0,2.0,-21.0,55396.0;1
25.0,39.50000000000001,27.0,-4.0,-16.0,-12.0,48.0,26.0,0.0,-22.0,-47.0,56630.0;90.0,8.200000000000006,18.0,12.0,-23.0,-38.0,21.0,14.0,0.0,6.0,-9.0,42544.0;0
-7.0,37.5,2.0,11.0,15.0,13.0,45.0,14.0,0.0,-3.0,-19.0,9038.0;28.0,-30.800000000000004,22.0,6.0,51.0,24.0,52.0,13.0,0.0,8.0,-6.0,-16941.0;0
24.0,-14.5,-2.0,-1.0,10.0,32.0,43.0,8.0,0.0,-17.0,-36.0,49605.0;17.0,27.099999999999994,22.0,-15.0,-52.0,-17.0,44.0,9.0,0.0,-14.0,-42.0,60724.0;1
-3.0,25.499999999999996,13.0,-2.0,39.0,9.0,32.0,16.0,1.0,-8.0,-1.0,30325.0;-16.0,23.600000000000005,12.0,-5.0,-6.0,-10.0,16.0,10.0,2.0,-4.0,-16.0,384.0;0
17.0,7.800000000000004,0.0,0.0,0.0,0.0,0.0,0.0,0.0,0.0,0.0,1441.0;-3.0,24.400000000000002,0.0,0.0,0.0,0.0,0.0,0.0,0.0,0.0,0.0,1526.0;0
-33.0,18.900000000000006,0.0,0.0,0.0,0.0,0.0,0.0,0.0,0.0,0.0,-546.0;38.0,-17.900000000000002,-4.0,0.0,0.0,14.0,11.0,1.0,0.0,-6.0,-10.0,-548.0;1
22.0,-10.800000000000004,0.0,-12.0,-24.0,-22.0,14.0,5.0,0.0,-13.0,-24.0,-6035.0;48.0,19.3,7.0,-5.0,-16.0,17.0,36.0,-16.0,0.0,-3.0,-14.0,6465.0;1
217.9,-8.0,12.0,-8.0,-54.0,-24.0,17.0,-19.0,0.0,-17.0,-26.0,3043.0;-29.0,-10.000000000000004,4.0,12.0,32.0,16.0,31.0,17.0,0.0,7.0,-6.0,138.0;0
15.0,-7.5,2.0,5.0,-2.0,5.0,14.0,-3.0,0.0,-15.0,-21.0,2493.0;2.0,-29.799999999999997,1.0,-5.0,14.0,41.0,43.0,-13.0,0.0,5.0,-5.0,2815.0;1
109.9,-14.399999999999991,-4.0,-11.0,-1.0,11.0,20.0,5.0,0.0,-1.0,-8.0,1202.0;-15.0,28.399999999999995,0.0,0.0,0.0,0.0,0.0,0.0,0.0,0.0,0.0,2986.0;0
-22.0,36.7,0.0,5.0,-2.0,-1.0,2.0,8.0,0.0,-2.0,-5.0,1900.0;34.0,-19.89999999999999,10.0,4.0,-6.0,-8.0,19.0,12.0,0.0,0.0,-12.0,2629.0;0
31.0,35.3,8.0,2.0,30.0,15.0,25.0,27.0,0.0,-3.0,-15.0,938.0;35.0,41.20000000000002,19.0,3.0,24.0,-1.0,31.0,12.0,0.0,3.0,-6.0,7948.0;0
10.0,22.199999999999992,9.0,-1.0,-14.0,-6.0,20.0,5.0,0.0,1.0,-9.0,2429.0;6.0,30.500000000000004,2.0,-3.0,2.0,6.0,19.0,16.0,0.0,-4.0,-15.0,21455.9;1
20.0,-2.299999999999997,4.0,8.0,15.0,4.0,13.0,21.0,0.0,6.0,-6.0,5580.0;-2.0,20.399999999999995,4.0,-4.0,35.0,40.0,46.0,18.0,0.0,5.0,-13.0,703.0;1
13.0,-36.5,0.0,0.0,0.0,0.0,0.0,0.0,0.0,0.0,0.0,2184.0;-12.0,-3.2000000000000064,0.0,0.0,0.0,0.0,0.0,0.0,0.0,0.0,0.0,1112.0;1
32.0,-16.000000000000007,14.0,-12.0,42.0,42.0,40.0,5.0,0.0,3.0,-5.0,1112.0;23.0,10.300000000000008,3.0,-1.0,-29.0,-15.0,-2.0,16.0,0.0,-12.0,-23.0,13990.0;0
-5.0,8.899999999999991,3.0,-11.0,28.0,27.0,35.0,3.0,0.0,-1.0,-7.0,-2030.0;-33.0,-21.199999999999996,-1.0,-2.0,-1.0,6.0,18.0,3.0,0.0,-6.0,-15.0,-166.0;1
21.0,-32.7,-5.0,-9.0,-43.0,-34.0,3.0,9.0,0.0,-9.0,-20.0,6890.0;41.0,-8.2,17.0,-3.0,23.0,-1.0,14.0,12.0,0.0,-9.0,-16.0,-3473.0;0
47.0,-6.400000000000006,3.0,-11.0,15.0,-3.0,11.0,25.0,0.0,0.0,-9.0,2037.0;45.0,-2.300000000000008,22.0,7.0,63.0,-2.0,25.0,41.0,0.0,11.0,1.0,3504.0;1
4.0,32.5,11.0,1.0,-1.0,-21.0,13.0,12.0,0.0,0.0,-8.0,6402.0;11.0,-1.9000000000000057,6.0,-10.0,-16.0,17.0,28.0,5.0,0.0,-10.0,-24.0,3186.0;0
204.9,20.1,1.0,-12.0,14.0,37.0,31.0,9.0,0.0,-2.0,-16.0,-2442.0;223.9,-4.800000000000008,24.0,2.0,5.0,-24.0,8.0,24.0,0.0,-4.0,-13.0,3736.0;1
-2.0,-23.999999999999996,-5.0,-6.0,42.0,93.0,70.0,-7.0,0.0,-1.0,-16.0,595.0;-45.0,16.4,3.0,-2.0,-19.0,-15.0,13.0,17.0,0.0,-10.0,-23.0,3152.0;0
-13.0,-0.4000000000000057,-6.0,-5.0,-6.0,21.0,34.0,0.0,0.0,0.0,-13.0,-377.0;331.8,1.5000000000000036,-3.0,-9.0,-34.0,-23.0,-6.0,-4.0,0.0,-16.0,-22.0,-863.0;0
-51.0,1.0999999999999979,-20.0,4.0,59.0,74.0,58.0,1.0,0.0,10.0,-3.0,12593.0;16.0,-28.400000000000002,4.0,10.0,70.0,7.0,11.0,30.0,0.0,12.0,8.0,14.0;1
-25.0,-26.3,-6.0,-11.0,-26.0,-23.0,11.0,4.0,0.0,1.0,-9.0,-800.0;-66.0,0.8000000000000043,-3.0,-1.0,-3.0,15.0,18.0,0.0,0.0,-9.0,-17.0,8135.0;1
29.0,-31.700000000000006,15.0,-20.0,33.0,10.0,23.0,9.0,0.0,4.0,-3.0,-610.0;27.0,6.300000000000004,-2.0,6.0,-22.0,-40.0,-6.0,12.0,0.0,-14.0,-21.0,7173.0;1
-30.0,31.899999999999995,-2.0,-4.0,21.0,26.0,46.0,-1.0,0.0,7.0,-5.0,-3947.0;53.0,-14.299999999999997,45.0,4.0,-19.0,-37.0,-2.0,18.0,0.0,-10.0,-18.0,-1612.0;1
36.0,32.400000000000006,14.0,-1.0,31.0,4.0,17.0,26.0,0.0,5.0,-1.0,266.0;69.0,5.800000000000008,12.0,-4.0,-17.0,-1.0,26.0,5.0,0.0,-10.0,-22.0,6314.0;1
23.0,-8.800000000000004,2.0,2.0,-20.0,-5.0,5.0,4.0,0.0,-7.0,-13.0,162.0;4.0,-17.800000000000004,8.0,2.0,-35.0,-27.0,3.0,21.0,0.0,-17.0,-30.0,-3233.0;0
-57.0,1.2000000000000064,-1.0,-3.0,-4.0,5.0,37.0,8.0,0.0,-5.0,-21.0,7817.0;-8.0,20.300000000000004,10.0,-14.0,-50.0,-22.0,15.0,-4.0,0.0,-26.0,-41.0,136.0;0
174.9,2.4999999999999964,0.0,0.0,0.0,0.0,0.0,0.0,0.0,0.0,0.0,25073.0;-24.0,20.0,0.0,0.0,0.0,0.0,0.0,0.0,0.0,0.0,0.0,5059.0;0
33.0,26.6,-5.0,-4.0,-28.0,-4.0,14.0,-7.0,0.0,-2.0,-11.0,635.0;37.0,-1.5,0.0,4.0,-63.0,-52.0,-5.0,-8.0,0.0,-11.0,-18.0,1534.0;1
34.0,-16.799999999999997,5.0,-11.0,10.0,7.0,20.0,7.0,0.0,3.0,-3.0,-758.0;28.0,-23.89999999999999,-1.0,-10.0,8.0,-8.0,8.0,21.0,0.0,-3.0,-11.0,5749.0;1
-20.0,37.099999999999994,13.0,-16.0,2.0,-7.0,24.0,20.0,0.0,1.0,-14.0,4219.0;-15.0,8.299999999999997,17.0,-11.0,35.0,61.0,57.0,1.0,0.0,3.0,-12.0,7826.0;1
-88.0,2.400000000000002,-5.0,-11.0,12.0,51.0,31.0,-10.0,0.0,-4.0,-12.0,1024.0;6.0,12.5,4.0,-2.0,37.0,41.0,32.0,8.0,0.0,5.0,-3.0,1548.0;1
18.0,11.90000000000001,21.0,-3.0,10.0,-4.0,30.0,6.0,0.0,-5.0,-16.0,581.0;-14.0,-8.199999999999996,4.0,6.0,1.0,-16.0,6.0,13.0,0.0,-1.0,-5.0,4029.0;0
90.0,-6.200000000000003,9.0,5.0,6.0,1.0,28.0,11.0,0.0,-1.0,-13.0,1630.0;-51.0,-9.699999999999996,3.0,-12.0,-46.0,-13.0,29.0,0.0,0.0,-14.0,-33.0,11966.0;0
8.0,37.3,18.0,-9.0,13.0,-39.0,5.0,34.0,0.0,-13.0,-24.0,-1393.0;-8.0,7.299999999999994,7.0,-13.0,51.0,40.0,34.0,22.0,0.0,6.0,-6.0,15910.0;0
1.0,42.5,-5.0,9.0,42.0,32.0,39.0,4.0,0.0,8.0,0.0,25336.0;-28.0,39.89999999999999,34.0,-3.0,-56.0,-37.0,7.0,6.0,0.0,-5.0,-19.0,52596.0;1
-4.0,19.100000000000005,23.0,-3.0,-6.0,-21.0,1.0,15.0,0.0,0.0,-7.0,30596.0;28.0,-8.200000000000006,-3.0,1.0,4.0,31.0,21.0,-2.0,0.0,-10.0,-17.0,18390.0;0
17.0,3.5,3.0,-7.0,-13.0,-24.0,12.0,9.0,0.0,-5.0,-16.0,-10023.0;10.0,6.3999999999999915,-7.0,0.0,-18.0,3.0,23.0,-3.0,0.0,-1.0,-11.0,7702.0;0
17.0,7.400000000000002,4.0,4.0,-3.0,-11.0,11.0,17.0,0.0,-9.0,-17.0,18815.0;4.0,-15.000000000000004,5.0,-5.0,-22.0,-11.0,12.0,2.0,0.0,-2.0,-12.0,9422.0;0
-9.0,7.4999999999999964,-8.0,-3.0,-63.0,-43.0,-7.0,-13.0,0.0,-8.0,-14.0,7324.0;32.0,-22.4,23.0,-7.0,-31.0,-30.0,9.0,14.0,0.0,-1.0,-13.0,-2560.0;1
64.0,6.0,7.0,-6.0,21.0,6.0,23.0,21.0,0.0,0.0,-9.0,2274.0;27.0,-2.2000000000000064,1.0,-4.0,-5.0,5.0,21.0,7.0,0.0,-3.0,-10.0,4206.0;0
13.0,-1.899999999999995,0.0,1.0,45.0,32.0,26.0,10.0,0.0,14.0,9.0,8049.0;22.0,1.0999999999999979,9.0,-11.0,-4.0,-7.0,27.0,-6.0,0.0,-7.0,-14.0,2637.0;1
-13.0,-10.899999999999995,2.0,3.0,-32.0,-18.0,4.0,12.0,0.0,-17.0,-28.0,1877.0;-7.0,-7.599999999999998,-2.0,-7.0,-26.0,-19.0,5.0,13.0,0.0,-14.0,-23.0,8839.0;0
10.0,-2.6999999999999957,7.0,-1.0,-2.0,-16.0,-17.0,15.0,0.0,8.0,7.0,-3601.0;17.0,9.399999999999999,9.0,-4.0,-12.0,-22.0,11.0,20.0,0.0,-9.0,-22.0,3996.0;1
31.0,25.200000000000006,15.0,-4.0,-13.0,-4.0,24.0,3.0,0.0,4.0,-10.0,-5037.0;22.0,-12.099999999999998,-2.0,5.0,0.0,6.0,18.0,6.0,0.0,-14.0,-22.0,-13855.0;0
-35.0,-26.499999999999996,-12.0,2.0,16.0,63.0,47.0,-16.0,0.0,3.0,-5.0,-12475.0;30.0,3.1999999999999993,-7.0,-12.0,-8.0,20.0,20.0,0.0,0.0,0.0,-10.0,-1792.0;1
-28.0,7.9999999999999964,-12.0,2.0,8.0,11.0,24.0,-5.0,0.0,-5.0,-9.0,9543.0;-23.0,22.59999999999999,18.0,7.0,12.0,-14.0,11.0,16.0,0.0,-3.0,-10.0,20443.0;1
-22.0,53.900000000000006,9.0,-10.0,32.0,64.0,64.0,7.0,0.0,-2.0,-20.0,28026.0;-58.0,-8.699999999999992,-13.0,5.0,7.0,21.0,44.0,22.0,0.0,0.0,-23.0,-8960.0;0
76.0,20.600000000000005,11.0,12.0,-18.0,-29.0,30.0,21.0,0.0,-14.0,-32.0,15906.0;-40.0,-9.899999999999991,9.0,0.0,-4.0,-12.0,25.0,22.0,0.0,-3.0,-19.0,22551.0;0
24.0,-35.99999999999999,9.0,-8.0,-14.0,-6.0,30.0,-1.0,0.0,-16.0,-29.0,3411.0;40.0,-24.400000000000002,19.0,-1.0,7.0,-5.0,24.0,30.0,0.0,-11.0,-28.0,20273.0;1
4.0,37.699999999999996,13.0,1.0,-47.0,-25.0,33.0,10.0,0.0,-25.0,-48.0,47599.0;3.0,-11.699999999999992,8.0,2.0,18.0,37.0,68.0,-10.0,0.0,2.0,-13.0,5523.0;0
-19.0,-10.200000000000003,2.0,4.0,-1.0,-10.0,5.0,6.0,0.0,0.0,-4.0,99.0;-14.0,27.3,12.0,-1.0,-6.0,-4.0,-1.0,-4.0,0.0,-2.0,-2.0,8480.0;1
-6.0,-13.899999999999995,8.0,2.0,-25.0,-31.0,6.0,14.0,0.0,-12.0,-23.0,-622.0;-23.0,2.9999999999999964,2.0,-5.0,-41.0,-13.0,-1.0,0.0,0.0,-10.0,-16.0,-1035.0;0
35.0,7.900000000000002,0.0,3.0,-24.0,-5.0,21.0,-11.0,0.0,-5.0,-12.0,421.0;8.0,25.300000000000004,13.0,-1.0,27.0,-3.0,12.0,41.0,4.0,-5.0,-18.0,5371.0;1
36.0,-0.3000000000000007,0.0,0.0,0.0,0.0,0.0,0.0,0.0,0.0,0.0,4677.0;-711.6,-12.799999999999997,0.0,0.0,0.0,0.0,0.0,0.0,0.0,0.0,0.0,-1307.0;0
220.9,-17.400000000000002,17.0,10.0,14.0,-7.0,23.0,11.0,-2.0,5.0,-6.0,-1124.0;-530.7,-7.500000000000007,-6.0,-11.0,3.0,10.0,25.0,-3.0,-2.0,2.0,-11.0,-623.0;0
-34.0,5.800000000000008,-9.0,-7.0,-22.0,31.0,24.0,-8.0,-3.0,-5.0,-16.0,7405.0;17.0,-8.900000000000006,-2.0,0.0,-17.0,21.0,45.0,-12.0,0.0,-13.0,-29.0,145.0;0
338.8,-11.200000000000006,-1.0,-3.0,38.0,76.0,63.0,-9.0,3.0,4.0,-7.0,2343.0;1.0,6.300000000000001,1.0,2.0,18.0,36.0,49.0,-9.0,2.0,2.0,-8.0,1610.0;1
-15.0,-31.5,0.0,0.0,0.0,0.0,0.0,0.0,0.0,0.0,0.0,1677.0;-4.0,-22.100000000000005,0.0,0.0,0.0,0.0,0.0,0.0,0.0,0.0,0.0,340.0;0
-16.0,11.499999999999996,6.0,8.0,-6.0,2.0,17.0,8.0,0.0,-9.0,-20.0,22996.0;-25.0,-5.400000000000002,5.0,-5.0,-20.0,-6.0,6.0,1.0,0.0,-12.0,-21.0,-3549.0;0
10.0,1.5999999999999979,0.0,0.0,0.0,0.0,0.0,0.0,0.0,0.0,0.0,4068.0;212.9,-7.5,0.0,0.0,0.0,0.0,0.0,0.0,0.0,0.0,0.0,-7054.0;0
148.9,11.800000000000008,0.0,0.0,0.0,0.0,0.0,0.0,0.0,0.0,0.0,9691.0;-28.0,-22.999999999999996,0.0,0.0,0.0,0.0,0.0,0.0,0.0,0.0,0.0,172.0;0
-11.0,-11.8,4.0,-2.0,25.0,56.0,45.0,-7.0,0.0,2.0,-9.0,-1577.0;44.0,21.4,1.0,-11.0,5.0,24.0,21.0,7.0,-1.0,-1.0,-12.0,698.0;0
24.0,-4.300000000000004,19.0,-4.0,-25.0,-31.0,6.0,3.0,-1.0,2.0,-6.0,8664.0;15.0,23.299999999999994,22.0,0.0,-37.0,-38.0,-6.0,11.0,0.0,2.0,-5.0,-434.0;0
-6.0,32.800000000000004,-6.0,0.0,-39.0,-27.0,2.0,4.0,0.0,-13.0,-21.0,3312.0;37.0,-18.2,2.0,-3.0,-6.0,-21.0,6.0,9.0,1.0,-12.0,-18.0,-284.0;0
-40.0,4.899999999999999,4.0,3.0,13.0,-13.0,7.0,21.0,0.0,-8.0,-16.0,-1214.0;21.0,-28.200000000000006,6.0,3.0,6.0,2.0,36.0,8.0,0.0,-2.0,-16.0,-472.0;1
205.9,27.900000000000002,9.0,-6.0,44.0,25.0,43.0,15.0,0.0,16.0,1.0,2179.0;-22.0,32.900000000000006,2.0,-4.0,-4.0,-10.0,20.0,9.0,1.0,-2.0,-12.0,-1204.0;0
22.0,-1.5999999999999979,0.0,0.0,0.0,0.0,0.0,0.0,0.0,0.0,0.0,8981.0;19.0,9.300000000000008,0.0,0.0,0.0,0.0,0.0,0.0,0.0,0.0,0.0,3697.0;1
16.0,-2.6999999999999993,0.0,0.0,0.0,0.0,0.0,0.0,0.0,0.0,0.0,-654.0;25.0,5.8999999999999915,0.0,0.0,0.0,0.0,0.0,0.0,0.0,0.0,0.0,-558.0;1
-2.0,-10.7,0.0,0.0,0.0,0.0,0.0,0.0,0.0,0.0,0.0,-3297.0;20.0,5.5,0.0,0.0,0.0,0.0,0.0,0.0,0.0,0.0,0.0,3402.0;1
-74.0,-5.20000000000001,0.0,0.0,0.0,0.0,0.0,0.0,0.0,0.0,0.0,-4085.0;47.0,-9.000000000000007,0.0,0.0,0.0,0.0,0.0,0.0,0.0,0.0,0.0,171.0;0
-9.0,-7.699999999999996,-2.0,-12.0,-31.0,-9.0,12.0,4.0,-2.0,-12.0,-27.0,4159.0;7.0,-18.800000000000004,-3.0,-4.0,-17.0,-15.0,15.0,6.0,0.0,-10.0,-22.0,-1957.0;0
-30.0,-2.3000000000000043,-10.0,-2.0,32.0,71.0,43.0,-9.0,-1.0,10.0,3.0,-1493.0;20.0,7.5000000000000036,9.0,-9.0,0.0,14.0,46.0,-7.0,1.0,-9.0,-24.0,17167.0;1
-11.0,-29.399999999999995,0.0,-1.0,-1.0,0.0,17.0,7.0,1.0,-2.0,-11.0,-3909.0;-7.0,2.299999999999997,5.0,-16.0,14.0,11.0,11.0,18.0,1.0,-8.0,-17.0,2812.0;1
-17.0,-0.20000000000000284,1.0,0.0,-17.0,-41.0,-9.0,20.0,1.0,-3.0,-8.0,1787.0;-2.0,-30.7,8.0,-1.0,34.0,19.0,23.0,15.0,1.0,2.0,-6.0,-798.0;0
-30.0,-8.900000000000002,-16.0,28.0,-36.0,-50.0,-4.0,27.0,1.0,0.0,-9.0,3143.0;-4.0,-21.8,-9.0,-9.0,-12.0,-2.0,22.0,1.0,-1.0,1.0,-9.0,1566.0;0
84.0,43.8,17.0,-2.0,-26.0,-26.0,15.0,21.0,0.0,-14.0,-30.0,4594.0;23.0,-0.9000000000000057,-12.0,-7.0,5.0,33.0,34.0,-2.0,0.0,-7.0,-15.0,15178.0;0
150.9,2.799999999999997,0.0,17.0,36.0,29.0,33.0,17.0,0.0,5.0,-5.0,350.0;0.0,-3.799999999999997,-5.0,-16.0,30.0,33.0,36.0,11.0,-2.0,-9.0,-25.0,-266.0;1
-25.0,5.899999999999999,-7.0,-6.0,70.0,113.0,74.0,-8.0,0.0,4.0,-7.0,6138.0;12.0,-7.9999999999999964,-4.0,-3.0,9.0,13.0,39.0,14.0,3.0,-5.0,-19.0,1301.0;1
44.0,11.5,5.0,-9.0,54.0,18.0,37.0,27.0,1.0,-7.0,-22.0,2058.0;200.9,13.299999999999997,-2.0,-6.0,-31.0,-18.0,15.0,6.0,-2.0,-1.0,-15.0,-217.0;1
22.0,32.400000000000006,-4.0,5.0,46.0,22.0,15.0,28.0,1.0,7.0,-1.0,-75.0;205.9,-7.0000000000000036,6.0,-3.0,-33.0,-1.0,16.0,-16.0,0.0,-1.0,-5.0,746.0;0
9.0,-7.4999999999999964,2.0,-5.0,-39.0,-9.0,14.0,-10.0,0.0,-12.0,-21.0,36.0;-4.0,-9.899999999999995,-5.0,-6.0,-16.0,27.0,28.0,-15.0,-3.0,-6.0,-15.0,-2571.0;0
-12.0,-14.699999999999996,5.0,-7.0,-18.0,-7.0,11.0,3.0,1.0,-7.0,-16.0,627.0;5.0,0.5999999999999979,-2.0,13.0,1.0,19.0,20.0,0.0,2.0,-6.0,-9.0,-2151.0;0
-51.0,-2.1999999999999993,0.0,0.0,0.0,0.0,0.0,0.0,0.0,0.0,0.0,309.0;187.9,-15.800000000000008,0.0,0.0,0.0,0.0,0.0,0.0,0.0,0.0,0.0,-1233.0;0
-18.0,30.59999999999999,35.0,8.0,6.0,-9.0,28.0,10.0,1.0,-4.0,-15.0,39163.0;-46.0,-9.399999999999995,-8.0,-10.0,-49.0,-17.0,3.0,-8.0,-1.0,-10.0,-20.0,15278.0;0
38.0,-1.5000000000000036,9.0,0.0,-13.0,-30.0,13.0,10.0,0.0,-3.0,-14.0,5747.0;-17.0,6.9999999999999964,-9.0,-7.0,7.0,44.0,35.0,-11.0,0.0,-4.0,-13.0,6776.0;1
4.0,-31.5,0.0,0.0,0.0,0.0,0.0,0.0,0.0,0.0,0.0,1795.0;-24.0,11.5,0.0,0.0,0.0,0.0,0.0,0.0,0.0,0.0,0.0,3312.0;1
13.0,16.400000000000002,0.0,0.0,0.0,0.0,0.0,0.0,0.0,0.0,0.0,2555.0;10.0,0.5999999999999979,0.0,0.0,0.0,0.0,0.0,0.0,0.0,0.0,0.0,436.0;0
28.0,-22.899999999999995,24.0,-9.0,-25.0,-14.0,21.0,11.0,0.0,-3.0,-20.0,6091.0;-5.0,7.599999999999994,4.0,-6.0,-21.0,-7.0,20.0,-3.0,1.0,-6.0,-13.0,4209.0;1
15.0,-6.4999999999999964,0.0,-3.0,-27.0,9.0,21.0,-5.0,2.0,-4.0,-15.0,16111.0;-27.0,13.400000000000006,6.0,-10.0,-35.0,-22.0,3.0,0.0,2.0,-18.0,-26.0,-9835.0;0
23.0,39.6,7.0,2.0,21.0,14.0,27.0,17.0,1.0,1.0,-12.0,3486.0;-27.0,-15.500000000000004,0.0,5.0,21.0,31.0,34.0,8.0,0.0,-3.0,-15.0,15901.0;1
-68.0,-5.800000000000004,-7.0,-9.0,-5.0,15.0,22.0,10.0,-1.0,-14.0,-29.0,2380.0;186.9,45.2,29.0,5.0,4.0,-47.0,3.0,44.0,1.0,5.0,-8.0,37904.0;1
48.0,9.199999999999996,8.0,-1.0,-10.0,-8.0,14.0,15.0,0.0,-12.0,-25.0,15743.0;17.0,-4.399999999999999,0.0,-7.0,-19.0,-3.0,5.0,5.0,0.0,-10.0,-15.0,10844.0;0
11.0,-4.600000000000001,2.0,3.0,47.0,66.0,69.0,-11.0,-1.0,12.0,-2.0,-7494.0;16.0,0.600000000000005,13.0,2.0,2.0,5.0,30.0,5.0,1.0,-5.0,-17.0,-770.0;1
10.0,61.59999999999999,44.0,-6.0,-57.0,-21.0,21.0,5.0,2.0,-24.0,-43.0,39288.0;67.0,18.799999999999994,10.0,15.0,-34.0,-43.0,7.0,39.0,1.0,-6.0,-28.0,32329.0;0
191.9,49.800000000000004,31.0,10.0,17.0,-16.0,31.0,21.0,1.0,10.0,-4.0,48237.0;-2.0,19.900000000000002,8.0,3.0,22.0,34.0,41.0,10.0,4.0,0.0,-11.0,204.0;0
-35.0,47.20000000000002,48.0,-17.0,-85.0,-67.0,-10.0,19.0,0.0,-13.0,-29.0,55210.0;41.0,-36.800000000000004,18.0,7.0,30.0,-22.0,14.0,30.0,0.0,-1.0,-13.0,-3647.0;0
-5.0,33.60000000000001,-1.0,0.0,-6.0,-4.0,8.0,-3.0,0.0,-5.0,-8.0,-5245.0;-73.0,42.6,3.0,1.0,1.0,-3.0,1.0,8.0,0.0,2.0,0.0,-9877.0;0
37.0,-9.399999999999999,0.0,0.0,0.0,0.0,0.0,0.0,0.0,0.0,0.0,1585.0;44.0,30.79999999999999,0.0,0.0,0.0,0.0,0.0,0.0,0.0,0.0,0.0,3334.0;1
-10.0,7.200000000000003,0.0,0.0,0.0,0.0,0.0,0.0,0.0,0.0,0.0,-3451.0;1.0,-5.9999999999999964,0.0,0.0,0.0,0.0,0.0,0.0,0.0,0.0,0.0,-561.0;0
-18.0,-1.9999999999999964,3.0,-6.0,2.0,55.0,30.0,-13.0,-1.0,-3.0,-10.0,-1048.0;52.0,-5.799999999999994,2.0,2.0,-13.0,2.0,22.0,11.0,2.0,-13.0,-27.0,10171.0;0
-14.0,-12.8,10.0,4.0,-7.0,5.0,25.0,9.0,2.0,-6.0,-16.0,426.0;-5.0,6.5000000000000036,8.0,9.0,76.0,29.0,35.0,-1.0,-2.0,20.0,17.0,1738.0;1
28.0,-24.200000000000003,0.0,-6.0,-13.0,11.0,17.0,-2.0,0.0,-7.0,-15.0,630.0;14.0,35.900000000000006,-3.0,7.0,-6.0,-9.0,23.0,18.0,3.0,-12.0,-27.0,-611.0;0
-40.0,14.199999999999992,0.0,-8.0,0.0,5.0,15.0,21.0,2.0,-10.0,-21.0,6156.0;-32.0,-5.500000000000007,-7.0,-4.0,-68.0,-28.0,-14.0,-1.0,-1.0,-19.0,-25.0,-6672.0;0
-704.6,-15.999999999999996,10.0,8.0,10.0,9.0,29.0,-4.0,-1.0,-2.0,-9.0,-432.0;-81.0,-1.7000000000000064,2.0,-4.0,-1.0,7.0,26.0,6.0,-2.0,-5.0,-18.0,1134.0;0
210.9,40.400000000000006,14.0,1.0,64.0,42.0,44.0,20.0,3.0,14.0,6.0,9089.0;28.0,0.9000000000000057,18.0,1.0,-41.0,-34.0,1.0,10.0,-1.0,-1.0,-11.0,3012.0;1
-48.0,9.700000000000006,-18.0,-11.0,-8.0,12.0,25.0,-2.0,1.0,-9.0,-18.0,-1514.0;55.0,-5.300000000000004,25.0,-13.0,-41.0,-21.0,13.0,7.0,0.0,-19.0,-33.0,3681.0;0
-36.0,17.2,-6.0,-6.0,44.0,92.0,66.0,-16.0,1.0,-9.0,-20.0,4656.0;-65.0,13.100000000000005,1.0,1.0,-49.0,-7.0,15.0,-14.0,0.0,-5.0,-13.0,-1436.0;0
134.9,-2.899999999999995,5.0,-8.0,26.0,13.0,23.0,23.0,0.0,8.0,-3.0,1271.0;60.0,9.600000000000001,31.0,-9.0,-42.0,-33.0,-3.0,17.0,1.0,-5.0,-15.0,66.0;1
-32.0,13.200000000000003,-4.0,-11.0,-2.0,9.0,15.0,16.0,1.0,-3.0,-14.0,-116.0;485.70000000000005,14.199999999999992,5.0,-8.0,31.0,15.0,29.0,23.0,4.0,-5.0,-16.0,1835.9;1
-27.0,17.0,1.0,-2.0,-7.0,11.0,24.0,-3.0,1.0,-2.0,-11.0,8081.0;2.0,13.600000000000005,-8.0,-2.0,0.0,19.0,16.0,-6.0,1.0,5.0,0.0,-1889.0;0
-5.0,5.900000000000002,0.0,12.0,-4.0,-10.0,29.0,5.0,0.0,-2.0,-15.0,1403.0;182.9,39.0,12.0,-2.0,-7.0,11.0,25.0,-1.0,-1.0,-2.0,-12.0,3519.0;0
-17.0,20.199999999999992,9.0,-7.0,16.0,39.0,54.0,-4.0,-1.0,-4.0,-20.0,1395.0;134.9,1.8999999999999986,4.0,-11.0,45.0,45.0,40.0,18.0,1.0,6.0,-5.0,182.0;1
6.0,5.4999999999999964,1.0,-1.0,6.0,46.0,62.0,-19.0,1.0,-4.0,-18.0,-102.0;-6.0,-10.000000000000007,12.0,5.0,39.0,-28.0,7.0,36.0,0.0,7.0,-1.0,1612.0;0
-33.0,18.100000000000005,-7.0,-8.0,-15.0,12.0,10.0,6.0,4.0,-10.0,-17.0,-1085.0;-15.0,-3.000000000000007,8.0,1.0,-30.0,-21.0,9.0,14.0,-1.0,-2.0,-15.0,-2330.0;1
41.0,-5.100000000000005,12.0,-5.0,13.0,15.0,30.0,11.0,1.0,-2.0,-16.0,8702.0;18.0,-14.8,-2.0,-2.0,-14.0,-22.0,13.0,20.0,1.0,-17.0,-31.0,2107.0;0
14.0,-21.599999999999994,10.0,4.0,-13.0,-27.0,11.0,9.0,-1.0,1.0,-10.0,-1549.0;-26.0,7.700000000000003,-2.0,-8.0,24.0,48.0,35.0,0.0,-1.0,4.0,-7.0,2927.0;1
51.0,2.0000000000000036,21.0,-1.0,-9.0,-29.0,6.0,20.0,1.0,-1.0,-12.0,762.0;-44.0,-6.100000000000001,7.0,-11.0,20.0,39.0,34.0,6.0,0.0,3.0,-6.0,1971.0;1
42.0,-15.899999999999999,9.0,-7.0,1.0,-2.0,22.0,12.0,-1.0,-5.0,-18.0,-150.0;-10.0,3.9999999999999964,2.0,14.0,-16.0,-14.0,29.0,-13.0,0.0,4.0,-5.0,1288.0;1
-63.0,19.4,1.0,-8.0,13.0,46.0,21.0,-2.0,1.0,2.0,-4.0,473.0;29.0,-9.999999999999996,22.0,-10.0,-9.0,15.0,25.0,-4.0,0.0,-10.0,-18.0,4500.0;1
52.0,-21.400000000000006,22.0,-7.0,26.0,-1.0,22.0,13.0,2.0,3.0,-5.0,-3542.0;30.0,4.800000000000004,4.0,-1.0,24.0,47.0,39.0,-10.0,2.0,12.0,6.0,-5006.0;1
0.0,7.699999999999999,-11.0,-2.0,-40.0,1.0,21.0,-9.0,2.0,-5.0,-15.0,-599.0;167.9,11.700000000000006,0.0,-8.0,-24.0,-2.0,23.0,2.0,1.0,-6.0,-18.0,15761.0;1
54.0,11.399999999999995,23.0,-3.0,3.0,-11.0,10.0,20.0,1.0,-7.0,-18.0,3848.0;25.0,4.699999999999996,11.0,9.0,17.0,5.0,28.0,9.0,0.0,-5.0,-18.0,2751.0;0
126.9,0.79999999999999,-5.0,-13.0,32.0,44.0,33.0,13.0,1.0,16.0,5.0,1611.0;-19.0,4.4999999999999964,-2.0,-2.0,-18.0,-10.0,6.0,15.0,1.0,-9.0,-17.0,1479.0;0
50.0,-17.800000000000008,-1.0,0.0,-56.0,-29.0,-2.0,2.0,-2.0,-15.0,-21.0,-2917.0;-18.0,5.399999999999999,9.0,-3.0,25.0,-31.0,8.0,24.0,-1.0,-4.0,-10.0,-1429.0;0
61.0,-7.800000000000008,1.0,-4.0,3.0,2.0,11.0,15.0,2.0,-3.0,-9.0,1749.0;19.0,1.5999999999999943,3.0,0.0,-13.0,27.0,36.0,-13.0,3.0,1.0,-9.0,3940.0;1
-58.0,-4.699999999999996,-23.0,-8.0,14.0,31.0,29.0,-2.0,0.0,4.0,-4.0,2743.0;43.0,12.399999999999999,17.0,1.0,39.0,21.0,43.0,21.0,2.0,-2.0,-18.0,-7847.0;1
-4.0,-0.7000000000000028,-11.0,-6.0,9.0,35.0,23.0,1.0,-2.0,11.0,4.0,-2010.0;9.0,20.099999999999998,-3.0,-8.0,-24.0,-2.0,-2.0,-3.0,-1.0,-3.0,-8.0,-7734.0;1
157.9,18.699999999999996,4.0,-5.0,-13.0,12.0,40.0,-4.0,0.0,-2.0,-16.0,1189.0;71.0,5.800000000000001,3.0,-14.0,4.0,12.0,19.0,11.0,2.0,-8.0,-17.0,-410.0;1
343.8,6.799999999999997,1.0,-6.0,-38.0,-69.0,-16.0,29.0,1.0,-11.0,-22.0,-326.0;-24.0,4.699999999999996,6.0,-4.0,-31.0,1.0,21.0,2.0,-1.0,-18.0,-30.0,17069.0;1
-6.0,4.599999999999998,-4.0,-2.0,-8.0,17.0,34.0,4.0,0.0,-7.0,-21.0,-272.0;60.0,1.6999999999999922,48.0,-6.0,-18.0,-24.0,17.0,19.0,0.0,-4.0,-17.0,6764.0;1
45.0,-12.099999999999998,13.0,6.0,10.0,10.0,33.0,9.0,2.0,3.0,-8.0,2675.0;-16.0,-14.099999999999994,3.0,0.0,16.0,19.0,13.0,9.0,1.0,1.0,-4.0,-93.0;0
9.0,4.899999999999999,-3.0,-3.0,-28.0,12.0,24.0,-18.0,-1.0,1.0,-5.0,6169.0;1.0,24.4,-7.0,-1.0,-5.0,-12.0,9.0,2.0,1.0,0.0,-5.0,2452.0;0
-56.0,21.499999999999996,-6.0,-6.0,-12.0,-16.0,-6.0,14.0,0.0,-1.0,-4.0,4207.0;8.0,-8.500000000000004,-5.0,3.0,-1.0,-8.0,-1.0,15.0,-2.0,2.0,-6.0,5796.0;0
230.9,49.2,12.0,-1.0,14.0,15.0,33.0,9.0,2.0,2.0,-9.0,10199.0;-43.0,-3.0000000000000036,-6.0,-8.0,-8.0,1.0,13.0,17.0,2.0,-3.0,-13.0,778.0;0
-535.7,1.7000000000000064,6.0,-11.0,-4.0,15.0,17.0,8.0,2.0,-5.0,-10.0,1430.0;-74.0,-3.099999999999998,8.0,-10.0,-35.0,-33.0,-3.0,5.0,0.0,-13.0,-19.0,1739.0;1
49.0,2.3000000000000007,9.0,-2.0,8.0,-15.0,22.0,24.0,-1.0,-6.0,-24.0,832.0;22.0,18.1,3.0,-8.0,-8.0,-25.0,-6.0,16.0,1.0,1.0,-6.0,-1637.0;1
182.9,-12.199999999999996,11.0,-9.0,1.0,10.0,8.0,13.0,2.0,3.0,-2.0,822.0;-18.0,-1.999999999999993,-7.0,-5.0,-22.0,-26.0,2.0,20.0,1.0,-2.0,-14.0,-1411.0;0
-41.0,3.1999999999999993,-7.0,-13.0,-8.0,19.0,18.0,2.0,1.0,-5.0,-13.0,167.0;45.0,-5.900000000000002,11.0,11.0,-24.0,-10.0,14.0,3.0,1.0,-7.0,-16.0,3743.0;0
39.0,-24.499999999999993,12.0,4.0,6.0,7.0,50.0,7.0,4.0,3.0,-16.0,23241.0;-1.0,61.900000000000006,20.0,-7.0,-11.0,-6.0,31.0,18.0,2.0,-12.0,-31.0,46498.0;0
-10.0,10.79999999999999,0.0,-15.0,-73.0,-42.0,5.0,5.0,2.0,-22.0,-38.0,21490.0;-3.0,48.90000000000002,49.0,-1.0,-56.0,-31.0,35.0,9.0,1.0,-19.0,-40.0,41419.0;1
53.0,-8.100000000000012,17.0,-2.0,-64.0,-63.0,2.0,8.0,2.0,-9.0,-25.0,4356.0;151.9,8.300000000000008,-1.0,-12.0,-8.0,20.0,36.0,13.0,3.0,-9.0,-29.0,32380.0;1
2.0,56.39999999999998,32.0,-23.0,-35.0,-2.0,46.0,8.0,3.0,-20.0,-42.0,46608.0;9.0,18.1,5.0,-2.0,-53.0,-73.0,-16.0,38.0,2.0,-24.0,-43.0,14523.0;1
-23.0,-10.200000000000003,3.0,-4.0,-34.0,-18.0,-2.0,15.0,-2.0,0.0,-10.0,-4699.0;19.0,16.8,8.0,2.0,-37.0,-27.0,16.0,-3.0,0.0,-9.0,-19.0,-1897.0;1
-43.0,-5.699999999999999,-12.0,-6.0,8.0,31.0,36.0,-1.0,0.0,-3.0,-14.0,-1907.0;-39.0,-0.10000000000000497,2.0,-7.0,-40.0,-17.0,17.0,-4.0,-3.0,-11.0,-24.0,5028.0;1
31.0,41.99999999999999,20.0,-3.0,-21.0,-24.0,22.0,14.0,2.0,-14.0,-28.0,33333.0;15.0,0.40000000000000924,-7.0,13.0,-126.0,-97.0,-27.0,9.0,-3.0,-32.0,-49.0,6588.0;1
-6.0,21.3,1.0,-20.0,-7.0,0.0,14.0,13.0,2.0,3.0,-8.0,-2931.0;24.0,11.200000000000006,6.0,-1.0,40.0,54.0,45.0,17.0,-1.0,1.0,-13.0,3892.0;1
17.0,4.300000000000001,17.0,-7.0,43.0,36.0,26.0,16.0,2.0,14.0,8.0,1672.0;238.9,3.099999999999998,10.0,1.0,-41.0,-49.0,-1.0,14.0,-1.0,-13.0,-27.0,2619.0;1
-31.0,7.300000000000001,9.0,-7.0,13.0,5.0,26.0,23.0,1.0,3.0,-13.0,19850.0;13.0,3.0000000000000036,2.0,-12.0,-65.0,-5.0,18.0,-5.0,0.0,-15.0,-28.0,1868.0;0
17.0,10.099999999999994,-1.0,1.0,-64.0,-57.0,2.0,6.0,-3.0,-3.0,-18.0,6867.0;15.0,1.2999999999999972,-4.0,-1.0,-51.0,10.0,38.0,-14.0,-1.0,-11.0,-29.0,5061.0;1
-70.0,14.199999999999992,-13.0,-8.0,-41.0,23.0,26.0,-26.0,-1.0,-5.0,-15.0,-3191.0;-22.0,-15.700000000000003,11.0,-9.0,4.0,14.0,31.0,20.0,0.0,-1.0,-20.0,9913.0;1
14.0,7.800000000000001,1.0,6.0,41.0,27.0,30.0,16.0,2.0,10.0,0.0,13629.0;44.0,-0.6000000000000085,33.0,-5.0,2.0,-21.0,13.0,17.0,-3.0,1.0,-13.0,-2058.0;1
36.0,8.599999999999998,-4.0,-2.0,-23.0,-7.0,11.0,-3.0,0.0,1.0,-8.0,263.0;-55.0,-2.5000000000000036,-4.0,-6.0,-2.0,0.0,9.0,13.0,0.0,7.0,-3.0,-1768.0;0
13.0,-6.399999999999999,0.0,3.0,5.0,-5.0,20.0,16.0,1.0,10.0,0.0,226.0;141.9,39.2,-9.0,-3.0,-45.0,-24.0,2.0,-3.0,-2.0,-17.0,-27.0,-427.0;1
-12.0,14.300000000000008,-3.0,-9.0,-19.0,11.0,22.0,7.0,3.0,-11.0,-28.0,20916.0;-42.0,-14.199999999999996,-10.0,-14.0,-3.0,20.0,34.0,12.0,2.0,-7.0,-23.0,-5149.0;1
-3.0,-27.099999999999994,-13.0,2.0,30.0,33.0,40.0,0.0,2.0,7.0,3.0,-697.0;-34.0,-6.699999999999999,-14.0,-5.0,-17.0,-4.0,16.0,8.0,2.0,-5.0,-14.0,-2214.0;0
-54.0,-2.0999999999999943,-8.0,-10.0,-27.0,-19.0,5.0,2.0,2.0,-15.0,-23.0,-2156.0;19.0,-7.600000000000001,2.0,-4.0,-43.0,1.0,11.0,-5.0,0.0,-15.0,-24.0,-1934.0;1
145.9,6.199999999999996,5.0,-3.0,-19.0,16.0,27.0,-11.0,0.0,-5.0,-15.0,3555.0;-1.0,17.500000000000004,15.0,-5.0,-16.0,-25.0,31.0,6.0,0.0,-12.0,-25.0,2010.0;1
-27.0,18.1,2.0,-5.0,-17.0,-12.0,10.0,2.0,0.0,-5.0,-14.0,4308.0;31.0,15.600000000000001,11.0,-6.0,-18.0,-24.0,9.0,7.0,-1.0,5.0,-5.0,3735.0;0
4.0,-3.8999999999999986,-3.0,-15.0,-39.0,8.0,15.0,-17.0,-1.0,-16.0,-25.0,733.0;3.0,-7.100000000000005,13.0,-12.0,-7.0,-15.0,2.0,26.0,-1.0,-12.0,-23.0,637.0;1
12.0,-26.9,-5.0,5.0,-10.0,-45.0,-4.0,30.0,1.0,-5.0,-18.0,-2515.0;-4.0,-24.90000000000001,0.0,-12.0,56.0,86.0,64.0,13.0,-1.0,10.0,-10.0,-296.0;1
-9.0,-15.300000000000008,2.0,-1.0,-4.0,-24.0,13.0,17.0,0.0,-3.0,-15.0,3352.0;9.0,7.300000000000001,8.0,0.0,24.0,41.0,38.0,8.0,2.0,-4.0,-17.0,8054.0;0
19.0,43.599999999999994,0.0,5.0,2.0,11.0,21.0,-3.0,1.0,0.0,-7.0,-14.0;5.0,6.9999999999999964,3.0,1.0,30.0,25.0,33.0,13.0,1.0,4.0,-7.0,-1860.0;1
10.0,-3.1999999999999993,15.0,-3.0,-17.0,-9.0,28.0,5.0,2.0,-11.0,-24.0,2201.0;31.0,23.900000000000006,6.0,5.0,-10.0,-16.0,14.0,8.0,0.0,2.0,-7.0,-266.0;1
-19.0,7.400000000000002,-4.0,-18.0,-17.0,22.0,28.0,-6.0,1.0,-3.0,-12.0,1492.0;129.9,44.20000000000001,-4.0,-2.0,24.0,19.0,23.0,21.0,3.0,-2.0,-13.0,-2718.0;1
35.0,-5.399999999999999,5.0,-5.0,-14.0,-18.0,2.0,18.0,0.0,-6.0,-16.0,6336.0;-42.0,37.69999999999999,0.0,-1.0,-38.0,-46.0,-4.0,13.0,-1.0,-13.0,-24.0,-568.0;0
188.9,19.600000000000005,10.0,-6.0,-37.0,-25.0,13.0,14.0,-2.0,-10.0,-29.0,4729.0;-62.0,-7.400000000000002,6.0,-10.0,-19.0,-14.0,13.0,20.0,1.0,-4.0,-18.0,271.0;0
41.0,-20.700000000000006,-3.0,8.0,-13.0,-27.0,-4.0,24.0,-2.0,1.0,-9.0,11269.0;42.0,-5.699999999999996,6.0,-7.0,25.0,48.0,44.0,-6.0,2.0,1.0,-8.0,808.0;0
24.0,-21.500000000000007,6.0,4.0,-39.0,-37.0,12.0,0.0,-1.0,-13.0,-24.0,723.0;181.9,-12.79999999999999,7.0,-2.0,-34.0,-22.0,9.0,-1.0,0.0,-11.0,-20.0,13057.0;1
15.0,1.2999999999999972,1.0,-1.0,-64.0,-40.0,-12.0,5.0,-1.0,-15.0,-25.0,4599.0;14.0,-4.500000000000007,-4.0,-9.0,-5.0,9.0,26.0,4.0,1.0,-4.0,-15.0,25948.0;0
0.0,-19.499999999999996,16.0,-10.0,18.0,20.0,44.0,3.0,3.0,-7.0,-19.0,-298.0;-40.0,-7.400000000000002,-1.0,-4.0,29.0,44.0,26.0,-1.0,-1.0,11.0,7.0,-2940.0;0
-3.0,-14.600000000000001,3.0,-5.0,12.0,11.0,17.0,12.0,2.0,-8.0,-15.0,-693.0;10.0,6.900000000000002,2.0,-5.0,28.0,28.0,38.0,1.0,0.0,4.0,-5.0,16361.0;0
-11.0,-29.4,13.0,8.0,15.0,-4.0,6.0,24.0,-1.0,0.0,-9.0,578.0;-50.0,-7.400000000000002,-6.0,-6.0,47.0,30.0,29.0,22.0,2.0,1.0,-6.0,-2329.0;1
-7.0,3.799999999999997,-1.0,-5.0,-7.0,48.0,33.0,-17.0,0.0,1.0,-8.0,1585.0;20.0,-5.899999999999999,7.0,-6.0,21.0,23.0,27.0,10.0,0.0,7.0,-4.0,-1863.0;1
-31.0,5.900000000000006,-2.0,3.0,-13.0,4.0,-1.0,18.0,0.0,-6.0,-13.0,-12192.0;32.0,-27.300000000000008,1.0,4.0,12.0,10.0,22.0,7.0,0.0,9.0,-1.0,-2304.1;0
-23.0,-13.699999999999992,-9.0,3.0,9.0,7.0,11.0,11.0,0.0,4.0,-2.0,-2950.0;6.0,4.599999999999994,8.0,-1.0,-45.0,-3.0,25.0,-12.0,1.0,-13.0,-24.0,5650.0;1
-1.0,-19.699999999999992,9.0,3.0,45.0,31.0,32.0,3.0,2.0,4.0,-1.0,-5556.0;1.0,1.0,-8.0,3.0,-44.0,-5.0,20.0,-10.0,-1.0,-20.0,-32.0,-2794.0;0
225.9,6.399999999999995,16.0,-4.0,-12.0,-14.0,16.0,7.0,-1.0,-7.0,-19.0,5224.0;22.0,-19.900000000000006,8.0,2.0,15.0,-25.0,3.0,17.0,-1.0,-9.0,-14.0,-2605.0;0
-1.0,8.7,-1.0,9.0,-3.0,-18.0,12.0,18.0,0.0,-1.0,-11.0,5439.0;-12.0,4.100000000000001,6.0,13.0,-46.0,-41.0,4.0,-2.0,2.0,-22.0,-32.0,5399.0;0
118.9,-11.900000000000006,12.0,-8.0,25.0,45.0,51.0,-1.0,1.0,-5.0,-17.0,-11191.0;31.0,-15.100000000000012,18.0,-9.0,-8.0,2.0,15.0,19.0,1.0,-2.0,-16.0,711.0;1
57.0,9.699999999999992,6.0,0.0,-2.0,-2.0,28.0,9.0,1.0,3.0,-10.0,-1167.0;33.0,-31.900000000000006,18.0,2.0,-19.0,-30.0,3.0,20.0,1.0,-10.0,-22.0,575.0;0
-45.0,-13.699999999999992,5.0,6.0,23.0,26.0,32.0,3.0,2.0,-4.0,-12.0,431.0;14.0,27.3,2.0,-5.0,-25.0,-15.0,14.0,6.0,-1.0,-9.0,-21.0,4014.0;1
33.0,7.700000000000003,4.0,-4.0,-13.0,17.0,42.0,-13.0,-1.0,-6.0,-20.0,1675.0;20.0,10.999999999999993,21.0,1.0,-27.0,-54.0,-8.0,17.0,-3.0,-9.0,-17.0,3513.0;0
11.0,-18.800000000000008,15.0,8.0,18.0,5.0,7.0,21.0,2.0,-4.0,-10.0,-154.0;29.0,1.899999999999995,-5.0,-16.0,-72.0,-34.0,-3.0,-3.0,-3.0,-25.0,-39.0,15172.0;0
40.0,-6.800000000000004,17.0,-3.0,-1.0,-2.0,15.0,7.0,-1.0,-5.0,-14.0,2486.0;7.0,5.799999999999997,3.0,-5.0,-14.0,-19.0,-11.0,20.0,-1.0,-10.0,-18.0,-999.0;1
230.9,2.200000000000003,19.0,4.0,-40.0,-13.0,13.0,0.0,1.0,-7.0,-17.0,-2225.0;20.0,-2.5999999999999943,22.0,4.0,11.0,27.0,37.0,-10.0,0.0,4.0,-4.0,72.0;0
-27.0,-22.499999999999996,9.0,-5.0,-13.0,-43.0,-2.0,21.0,1.0,-5.0,-15.0,-5230.0;24.0,-16.8,14.0,4.0,8.0,-7.0,15.0,22.0,1.0,-5.0,-16.0,-2462.0;1
-30.0,8.0,-1.0,-1.0,-13.0,-10.0,17.0,5.0,-1.0,-2.0,-14.0,-1561.0;-65.0,6.4999999999999964,9.0,-20.0,-60.0,-32.0,6.0,1.0,-1.0,-13.0,-26.0,-296.0;1
-34.0,12.900000000000006,1.0,-5.0,-17.0,-7.0,11.0,7.0,0.0,2.0,-5.0,3012.0;198.9,17.500000000000007,16.0,-5.0,-8.0,22.0,46.0,-3.0,0.0,-7.0,-24.0,-955.0;0
32.0,2.500000000000007,17.0,-3.0,-20.0,-13.0,18.0,5.0,1.0,-7.0,-18.0,2901.0;7.0,-1.3999999999999986,15.0,2.0,-12.0,-9.0,27.0,-4.0,-1.0,0.0,-12.0,3979.0;0
-1.0,17.700000000000006,15.0,-4.0,25.0,27.0,35.0,11.0,0.0,4.0,-9.0,-1797.0;2.0,-23.799999999999997,-2.0,-1.0,17.0,25.0,26.0,15.0,2.0,6.0,-4.0,9736.0;1
18.0,19.0,18.0,1.0,1.0,-18.0,4.0,24.0,-1.0,-4.0,-16.0,2224.0;182.9,6.9999999999999964,-8.0,-11.0,21.0,30.0,31.0,14.0,2.0,10.0,-1.0,3109.0;1
3.0,-12.400000000000006,9.0,-3.0,-41.0,-6.0,23.0,-16.0,0.0,-17.0,-27.0,-177.0;-6.0,-30.900000000000006,3.0,11.0,11.0,-26.0,5.0,32.0,1.0,-4.0,-15.0,-3358.0;1
321.8,5.399999999999995,9.0,-8.0,2.0,-1.0,29.0,10.0,-1.0,3.0,-10.0,1478.0;33.0,26.599999999999998,0.0,-8.0,-15.0,0.0,25.0,4.0,1.0,-9.0,-20.0,3832.0;0
-22.0,3.300000000000008,-4.0,-11.0,-46.0,30.0,46.0,-25.0,0.0,-11.0,-30.0,19408.0;24.0,-40.900000000000006,4.0,7.0,-18.0,-63.0,0.0,26.0,0.0,-13.0,-27.0,-3265.0;1
32.0,-25.400000000000002,-6.0,-11.0,-23.0,3.0,26.0,4.0,0.0,-10.0,-27.0,3830.0;48.0,89.69999999999999,-8.0,1.0,-23.0,-7.0,25.0,-6.0,0.0,-9.0,-20.0,11358.0;0
-4.0,-30.900000000000013,0.0,-14.0,17.0,30.0,34.0,2.0,0.0,8.0,-2.0,-10146.0;1.0,-28.5,32.0,-9.0,-17.0,-9.0,21.0,11.0,0.0,-4.0,-15.0,1959.0;0
32.0,64.69999999999999,6.0,-9.0,-30.0,-27.0,11.0,22.0,4.0,-3.0,-20.0,8185.0;5.0,47.09999999999999,25.0,1.0,-18.0,-16.0,28.0,10.0,4.0,-10.0,-28.0,32641.0;1
-21.0,5.299999999999997,0.0,-4.0,-6.0,2.0,25.0,2.0,0.0,-7.0,-19.0,785.0;51.0,-16.400000000000002,5.0,4.0,-16.0,-2.0,17.0,3.0,2.0,-18.0,-26.0,2755.0;0
-16.0,14.799999999999994,2.0,-1.0,-14.0,-26.0,-5.0,22.0,1.0,-5.0,-14.0,-3244.0;-5.0,21.700000000000006,1.0,10.0,-12.0,7.0,28.0,3.0,-1.0,-1.0,-12.0,7734.0;0
-14.0,-3.0999999999999908,1.0,-7.0,-10.0,16.0,27.0,6.0,2.0,-14.0,-27.0,2657.0;32.0,-11.999999999999996,13.0,-15.0,-4.0,-3.0,20.0,11.0,0.0,-9.0,-22.0,6941.0;1
-28.0,-12.399999999999999,-4.0,-6.0,26.0,36.0,28.0,12.0,0.0,11.0,2.0,2584.0;-29.0,0.8000000000000043,-2.0,-8.0,-34.0,-9.0,14.0,5.0,-2.0,-13.0,-27.0,13771.0;0
23.0,-17.299999999999994,5.0,3.0,39.0,14.0,20.0,25.0,2.0,-3.0,-14.0,510.0;-3.0,-21.300000000000004,12.0,-4.0,3.0,3.0,28.0,10.0,1.0,-9.0,-23.0,329.0;1
197.9,19.499999999999993,17.0,-9.0,-28.0,-29.0,3.0,14.0,2.0,-5.0,-15.0,3682.0;-26.0,-16.600000000000005,-1.0,3.0,-27.0,-40.0,1.0,20.0,-2.0,-7.0,-20.0,1797.0;0
14.0,6.299999999999994,9.0,-8.0,26.0,42.0,46.0,1.0,1.0,-1.0,-11.0,6291.0;36.0,-15.5,16.0,1.0,-3.0,-11.0,2.0,9.0,1.0,-6.0,-12.0,14314.0;1
58.0,-4.899999999999999,24.0,-7.0,-56.0,-45.0,5.0,4.0,-2.0,-15.0,-29.0,11559.0;3.0,1.7999999999999936,11.0,9.0,-16.0,-10.0,11.0,2.0,4.0,-4.0,-10.0,-7620.0;0
-33.0,-16.799999999999997,3.0,2.0,-11.0,27.0,48.0,-15.0,1.0,4.0,-9.0,13063.0;238.9,-2.6000000000000085,15.0,-5.0,-66.0,-55.0,-12.0,3.0,2.0,-22.0,-28.0,3127.0;0
-17.0,4.0000000000000036,-1.0,5.0,12.0,6.0,26.0,13.0,1.0,5.0,-6.0,16885.0;7.0,-5.799999999999997,-5.0,-4.0,-9.0,-22.0,-5.0,25.0,-2.0,-8.0,-19.0,6913.0;1
205.9,23.800000000000004,5.0,-12.0,-39.0,10.0,14.0,-15.0,-1.0,-7.0,-13.0,-4018.0;21.0,11.499999999999996,28.0,4.0,-57.0,-82.0,-33.0,20.0,-1.0,-26.0,-32.0,2527.0;0
-4.0,-12.900000000000002,3.0,3.0,-16.0,25.0,44.0,-18.0,-1.0,-2.0,-15.0,1154.0;183.9,32.39999999999999,17.0,-5.0,1.0,-2.0,35.0,-7.0,2.0,-2.0,-12.0,11539.0;1
29.0,-31.8,0.0,-11.0,-7.0,31.0,43.0,0.0,0.0,1.0,-14.0,-1502.0;-38.0,18.2,-6.0,5.0,8.0,-1.0,27.0,6.0,1.0,4.0,-8.0,1759.0;1
-43.0,1.2999999999999972,-12.0,-2.0,-13.0,-5.0,-2.0,21.0,-1.0,-4.0,-14.0,2723.0;13.0,8.800000000000004,-2.0,0.0,-18.0,-17.0,10.0,12.0,-1.0,-7.0,-20.0,583.0;1
-5.0,-15.499999999999996,22.0,6.0,31.0,15.0,34.0,8.0,2.0,-7.0,-17.0,-2569.0;-29.0,4.399999999999995,7.0,4.0,17.0,3.0,20.0,17.0,1.0,-3.0,-10.0,3174.0;1
35.0,-28.999999999999996,6.0,1.0,15.0,-8.0,9.0,26.0,3.0,1.0,-8.0,-870.0;-49.0,6.899999999999999,-1.0,-3.0,-5.0,-8.0,-4.0,5.0,0.0,1.0,0.0,-2272.0;0
5.0,24.200000000000006,9.0,0.0,18.0,7.0,10.0,17.0,1.0,9.0,2.0,1155.0;-22.0,0.1999999999999993,-4.0,-4.0,3.0,17.0,25.0,-7.0,2.0,2.0,-4.0,-2373.0;0
-1.0,32.9,11.0,-2.0,-27.0,-32.0,-2.0,19.0,0.0,-12.0,-22.0,2119.0;-24.0,-22.1,5.0,-5.0,3.0,3.0,26.0,13.0,-2.0,-6.0,-19.0,-1375.0;0
-33.0,-4.899999999999999,-8.0,-4.0,-23.0,-15.0,13.0,10.0,-2.0,-2.0,-14.0,18312.0;-3.0,-2.1999999999999957,1.0,-2.0,-10.0,28.0,30.0,-1.0,0.0,-8.0,-23.0,12892.0;0
-39.0,-3.0,-7.0,-9.0,-51.0,33.0,1.0,-15.0,-3.0,-12.0,-19.0,-1893.0;-30.0,-13.699999999999996,-3.0,-6.0,40.0,22.0,16.0,14.0,1.0,7.0,0.0,-1491.0;1
176.9,-28.500000000000007,0.0,9.0,-2.0,-4.0,8.0,18.0,1.0,6.0,-2.0,-865.0;29.0,-7.100000000000001,-3.0,-11.0,-13.0,46.0,45.0,-24.0,-2.0,-10.0,-21.0,-1690.0;1
-34.0,3.0,-2.0,-10.0,-36.0,-3.0,33.0,-7.0,0.0,-20.0,-36.0,1141.0;369.8,3.0,1.0,6.0,35.0,10.0,24.0,21.0,3.0,1.0,-8.0,438.0;1
52.0,-31.700000000000003,7.0,-2.0,-35.0,-41.0,16.0,16.0,0.0,-18.0,-37.0,6940.0;55.0,-9.600000000000001,0.0,-7.0,-60.0,-31.0,-1.0,1.0,-2.0,-28.0,-40.0,51.0;0
-52.0,-4.599999999999991,-6.0,-8.0,2.0,14.0,34.0,6.0,-2.0,-1.0,-17.0,1633.0;-4.0,-4.799999999999997,7.0,0.0,-22.0,-13.0,20.0,8.0,-1.0,-8.0,-25.0,2660.0;1
41.0,1.5999999999999943,20.0,-1.0,-25.0,-34.0,13.0,4.0,0.0,-7.0,-17.0,9904.0;30.0,-9.399999999999995,-2.0,5.0,-10.0,-6.0,7.0,-5.0,-1.0,-10.0,-16.0,188.0;0
25.0,1.7000000000000028,8.0,-10.0,-19.0,-12.0,19.0,-4.0,0.0,-8.0,-17.0,-1477.0;9.0,28.600000000000012,6.0,-1.0,-26.0,-27.0,5.0,3.0,-3.0,3.0,-7.0,-6887.0;1
15.0,4.300000000000001,0.0,8.0,-3.0,10.0,33.0,-4.0,1.0,-9.0,-18.0,2200.0;203.9,-0.8000000000000043,12.0,-12.0,-10.0,10.0,41.0,3.0,2.0,0.0,-16.0,21553.0;1
198.9,13.800000000000008,27.0,6.0,4.0,-1.0,34.0,2.0,1.0,-5.0,-16.0,7882.0;27.0,13.299999999999994,15.0,3.0,-3.0,-8.0,26.0,11.0,1.0,-7.0,-19.0,21474.0;0
179.9,10.500000000000007,6.0,-2.0,-24.0,-19.0,12.0,6.0,1.0,-12.0,-23.0,908.0;38.0,-14.999999999999996,9.0,-4.0,-4.0,-3.0,9.0,8.0,-1.0,-7.0,-14.0,2857.0;1
28.0,13.7,23.0,-10.0,-15.0,-3.0,18.0,4.0,-1.0,-5.0,-15.0,9713.0;57.0,-0.8999999999999986,12.0,-4.0,-20.0,-27.0,9.0,17.0,3.0,-6.0,-18.0,-7397.0;0
10.0,8.199999999999996,9.0,1.0,-35.0,-33.0,8.0,8.0,-1.0,-8.0,-19.0,485.0;31.0,1.899999999999995,13.0,-2.0,29.0,-1.0,14.0,31.0,3.0,-1.0,-13.0,9827.0;1
47.0,-25.700000000000003,18.0,-17.0,-19.0,-13.0,5.0,14.0,-1.0,-5.0,-16.0,7434.0;34.0,4.299999999999997,14.0,-4.0,3.0,10.0,16.0,-2.0,0.0,-9.0,-15.0,8923.0;1
-45.0,4.699999999999996,4.0,-8.0,-60.0,-18.0,17.0,-3.0,0.0,-8.0,-22.0,21369.0;-13.0,-16.899999999999995,18.0,0.0,11.0,10.0,26.0,12.0,1.0,-15.0,-28.0,1360.0;0
8.0,-4.899999999999995,0.0,10.0,27.0,23.0,24.0,8.0,-3.0,8.0,0.0,-312.0;-13.0,16.999999999999996,-9.0,-9.0,-5.0,10.0,17.0,5.0,-1.0,-12.0,-22.0,-1015.0;1
-16.0,2.6000000000000014,14.0,-3.0,13.0,21.0,41.0,3.0,1.0,3.0,-10.0,313.0;18.0,-29.299999999999997,12.0,5.0,-49.0,-19.0,-4.0,1.0,0.0,-19.0,-28.0,-552.0;1
77.0,-23.999999999999996,18.0,-7.0,-12.0,-12.0,16.0,8.0,2.0,-1.0,-8.0,-347.0;-2.0,-12.700000000000006,5.0,-9.0,2.0,2.0,13.0,19.0,-2.0,2.0,-10.0,-454.0;0
24.0,-5.399999999999999,9.0,-5.0,-22.0,16.0,41.0,-11.0,0.0,-7.0,-23.0,15497.0;178.9,-8.600000000000009,5.0,-7.0,-24.0,-9.0,22.0,2.0,-2.0,-7.0,-19.0,8584.0;1
0.0,7.699999999999999,6.0,-6.0,-63.0,-61.0,-7.0,12.0,-3.0,-14.0,-29.0,1252.0;167.9,5.999999999999993,-5.0,-11.0,-10.0,19.0,27.0,3.0,0.0,-4.0,-16.0,1165.0;0
210.9,9.399999999999991,14.0,-3.0,-22.0,-12.0,11.0,3.0,0.0,-7.0,-16.0,1251.0;-40.0,2.3999999999999986,8.0,-3.0,-40.0,-18.0,20.0,-13.0,0.0,-12.0,-21.0,4751.0;1
38.0,6.5000000000000036,0.0,-8.0,-11.0,-5.0,19.0,6.0,-2.0,2.0,-10.0,5096.0;-52.0,-11.099999999999994,15.0,-1.0,-51.0,-42.0,-5.0,24.0,2.0,-10.0,-23.0,5743.0;1
-16.0,4.799999999999997,5.0,2.0,-12.0,-8.0,12.0,0.0,-1.0,5.0,-2.0,-1232.0;-25.0,-9.899999999999999,3.0,1.0,1.0,-3.0,5.0,11.0,2.0,0.0,-4.0,-755.0;1
-22.0,23.599999999999994,1.0,3.0,-16.0,-21.0,9.0,12.0,-1.0,1.0,-11.0,1917.0;20.0,16.700000000000006,7.0,-4.0,-32.0,-11.0,15.0,12.0,0.0,-13.0,-27.0,9504.0;1
-35.0,-1.5999999999999979,-2.0,-6.0,-29.0,-17.0,8.0,4.0,-1.0,-6.0,-16.0,5508.0;-9.0,26.700000000000003,22.0,5.0,57.0,9.0,33.0,14.0,1.0,8.0,5.0,-949.0;1
-1.0,-3.0000000000000107,1.0,1.0,-3.0,17.0,36.0,-15.0,-1.0,-7.0,-16.0,2788.0;19.0,36.10000000000001,-5.0,-3.0,20.0,11.0,27.0,14.0,1.0,1.0,-10.0,-1618.0;0
-4.0,-13.200000000000006,1.0,-19.0,-39.0,-29.0,-9.0,10.0,0.0,0.0,-8.0,-429.0;29.0,-5.700000000000003,9.0,0.0,42.0,21.0,31.0,23.0,3.0,2.0,-9.0,2403.0;1
-52.0,6.399999999999995,-13.0,-3.0,5.0,37.0,45.0,-2.0,2.0,-6.0,-18.0,3143.0;339.8,-4.100000000000005,11.0,-16.0,-44.0,-16.0,12.0,5.0,0.0,-5.0,-20.0,-681.0;1
-6.0,-8.999999999999993,0.0,-14.0,-85.0,-48.0,-13.0,2.0,-2.0,-15.0,-24.0,6191.0;33.0,-31.700000000000003,-2.0,1.0,7.0,13.0,34.0,3.0,2.0,4.0,-9.0,286.0;0
-710.6,-41.30000000000001,10.0,-4.0,38.0,5.0,16.0,27.0,0.0,8.0,-1.0,-5996.0;15.0,-25.999999999999996,-2.0,-5.0,-4.0,-16.0,3.0,16.0,0.0,-8.0,-17.0,-1102.0;0
-49.0,1.500000000000007,0.0,-3.0,-44.0,-29.0,18.0,21.0,3.0,-13.0,-37.0,29796.0;-21.0,9.800000000000015,-13.0,-18.0,-77.0,-37.0,10.0,15.0,1.0,-20.0,-43.0,15480.0;0
-2.0,58.80000000000001,30.0,-11.0,-16.0,-1.0,48.0,-6.0,3.0,-13.0,-27.0,-4830.0;-6.0,46.39999999999999,2.0,-6.0,0.0,13.0,41.0,8.0,3.0,2.0,-11.0,10739.0;1
-16.0,45.39999999999999,50.0,1.0,9.0,-3.0,48.0,21.0,4.0,-2.0,-23.0,-1878.0;33.0,-31.599999999999994,15.0,-20.0,32.0,30.0,50.0,27.0,0.0,5.0,-18.0,4511.0;1
16.0,7.5,13.0,0.0,48.0,51.0,69.0,11.0,5.0,12.0,-4.0,28299.0;-39.0,16.300000000000004,4.0,-7.0,-74.0,-26.0,13.0,-3.0,-2.0,-23.0,-40.0,28056.0;0
2.0,-16.8,13.0,11.0,-2.0,-15.0,6.0,24.0,2.0,1.0,-8.0,3947.0;1.0,-3.4000000000000057,-5.0,-7.0,-28.0,5.0,33.0,-18.0,-1.0,0.0,-13.0,-1583.0;1
21.0,13.799999999999997,3.0,-11.0,-54.0,-33.0,6.0,3.0,1.0,-18.0,-32.0,-591.0;-7.0,11.199999999999996,18.0,-4.0,-22.0,-34.0,17.0,1.0,-1.0,-8.0,-17.0,-3948.0;0
-14.0,-18.800000000000004,4.0,2.0,-16.0,-22.0,7.0,18.0,-2.0,3.0,-5.0,13563.0;-33.0,-13.800000000000008,3.0,-12.0,-7.0,-11.0,20.0,14.0,1.0,-5.0,-22.0,3734.0;1
-51.0,7.200000000000006,4.0,2.0,-4.0,-15.0,13.0,15.0,-3.0,-3.0,-16.0,17964.0;-2.0,-6.4999999999999964,2.0,-11.0,-3.0,5.0,20.0,3.0,-1.0,0.0,-10.0,13425.0;1
121.9,1.899999999999995,-14.0,-1.0,-34.0,-27.0,-5.0,14.0,-1.0,-8.0,-19.0,485.0;120.9,43.49999999999999,-1.0,-15.0,-26.0,-10.0,5.0,11.0,0.0,1.0,-11.0,-728.0;0
-24.0,-27.000000000000004,2.0,6.0,-27.0,14.0,29.0,-20.0,1.0,-10.0,-16.0,7205.0;-23.0,-10.699999999999996,20.0,1.0,4.0,-16.0,22.0,15.0,4.0,-1.0,-12.0,-8104.0;0
-26.0,17.299999999999994,8.0,-14.0,-31.0,5.0,18.0,-6.0,0.0,-4.0,-14.0,1659.0;9.0,20.199999999999996,9.0,-10.0,27.0,40.0,51.0,2.0,2.0,-6.0,-21.0,20246.0;1
-4.0,-8.399999999999999,7.0,-7.0,11.0,20.0,17.0,3.0,2.0,-7.0,-13.0,10143.0;-4.0,-7.400000000000002,-10.0,-5.0,-8.0,-5.0,3.0,2.0,-2.0,-5.0,-8.0,-5425.0;0
43.0,17.700000000000006,7.0,-1.0,-2.0,-6.0,24.0,14.0,-1.0,3.0,-12.0,6390.0;27.0,-2.000000000000007,15.0,5.0,-26.0,-23.0,27.0,1.0,0.0,-2.0,-18.0,-5590.0;0
17.0,25.999999999999996,14.0,-5.0,-34.0,-18.0,17.0,10.0,0.0,-14.0,-31.0,-1048.0;25.0,-2.299999999999997,0.0,9.0,-66.0,-53.0,-10.0,9.0,-4.0,-11.0,-21.0,2091.0;0
31.0,19.399999999999995,34.0,-4.0,5.0,7.0,18.0,4.0,1.0,-8.0,-15.0,3728.0;164.9,3.400000000000002,9.0,25.0,15.0,-28.0,4.0,30.0,0.0,1.0,-10.0,-208.0;1
-32.0,-8.900000000000006,9.0,-2.0,-3.0,12.0,30.0,-8.0,-2.0,-2.0,-13.0,-1600.0;114.9,8.100000000000001,-12.0,-4.0,5.0,1.0,8.0,21.0,3.0,-13.0,-21.0,-66.0;0
1.0,-35.400000000000006,6.0,-5.0,-42.0,-21.0,9.0,8.0,0.0,-11.0,-25.0,-426.0;6.0,10.2,9.0,-9.0,22.0,36.0,45.0,-3.0,3.0,3.0,-5.0,6331.0;0
333.8,-9.600000000000001,8.0,-9.0,8.0,12.0,28.0,10.0,2.0,-1.0,-11.0,1444.0;224.9,11.400000000000002,15.0,1.0,-32.0,-41.0,-7.0,21.0,0.0,-11.0,-25.0,18647.0;0
-7.0,-52.900000000000006,-2.0,1.0,-1.0,14.0,22.0,-4.0,-1.0,5.0,-1.0,-4225.0;6.0,-9.999999999999996,-5.0,8.0,-59.0,-40.0,-4.0,-2.0,-3.0,-5.0,-15.0,-894.0;0
12.0,1.1999999999999957,8.0,-12.0,-15.0,14.0,30.0,-7.0,1.0,-3.0,-14.0,8040.0;23.0,-8.499999999999996,12.0,3.0,-36.0,-20.0,8.0,-4.0,0.0,-22.0,-30.0,3137.0;1
-15.0,-12.200000000000006,3.0,-11.0,-6.0,-5.0,14.0,19.0,-1.0,-5.0,-21.0,1693.0;4.0,21.699999999999992,7.0,-12.0,4.0,-19.0,10.0,22.0,3.0,-16.0,-26.0,766.0;0
15.0,-31.89999999999999,-5.0,0.0,4.0,36.0,23.0,-1.0,1.0,-4.0,-10.0,2103.0;36.0,-18.4,20.0,0.0,17.0,15.0,29.0,11.0,3.0,1.0,-11.0,180.0;0
30.0,1.1000000000000014,10.0,-7.0,-31.0,-36.0,-10.0,22.0,-1.0,-6.0,-15.0,31.0;151.9,0.6999999999999993,8.0,-3.0,11.0,11.0,11.0,22.0,0.0,5.0,-5.0,-78.0;1
0.0,-12.5,3.0,-2.0,-10.0,-6.0,21.0,8.0,0.0,-8.0,-19.0,7222.0;-10.0,42.099999999999994,7.0,6.0,-47.0,-46.0,8.0,-14.0,-2.0,-12.0,-17.0,-801.0;0
19.0,-6.300000000000001,8.0,-3.0,-25.0,-5.0,17.0,-4.0,0.0,-8.0,-17.0,1468.0;-12.0,4.199999999999999,3.0,-8.0,-33.0,-21.0,3.0,6.0,0.0,-12.0,-20.0,1078.0;0
18.0,14.599999999999998,-2.0,-2.0,-44.0,-32.0,3.0,1.0,-1.0,-15.0,-21.0,2058.0;8.0,-40.49999999999999,-2.0,-2.0,-69.0,-33.0,14.0,-9.0,-3.0,-16.0,-32.0,1103.0;0
180.9,-0.4000000000000057,2.0,-4.0,-16.0,7.0,16.0,0.0,1.0,-6.0,-16.0,7463.0;42.0,9.800000000000008,8.0,0.0,2.0,21.0,27.0,10.0,0.0,1.0,-12.0,-4020.0;0
-30.0,-51.4,10.0,5.0,21.0,25.0,29.0,7.0,0.0,-2.0,-12.0,-7849.0;182.9,16.300000000000004,16.0,-7.0,-14.0,-23.0,-11.0,30.0,1.0,-10.0,-18.0,8934.0;1
5.0,-7.4999999999999964,5.0,-1.0,5.0,-30.0,5.0,21.0,0.0,4.0,-5.0,-605.0;-2.0,-30.89999999999999,-17.0,4.0,10.0,38.0,39.0,-14.0,2.0,-10.0,-19.0,-1798.0;1
31.0,20.300000000000008,17.0,-9.0,-11.0,-12.0,20.0,4.0,1.0,-9.0,-18.0,4020.0;-42.0,-26.699999999999996,18.0,3.0,-8.0,-15.0,15.0,10.0,0.0,0.0,-11.0,19247.0;1
2.0,-6.199999999999999,2.0,3.0,5.0,24.0,30.0,-1.0,-1.0,1.0,-12.0,-836.0;23.0,-29.299999999999997,7.0,-2.0,17.0,11.0,23.0,19.0,1.0,6.0,-7.0,8564.0;1
-16.0,-13.799999999999997,0.0,-11.0,3.0,36.0,13.0,7.0,3.0,-5.0,-8.0,-555.0;112.9,-14.0,3.0,-8.0,9.0,36.0,40.0,-8.0,2.0,4.0,-4.0,3756.0;1
162.9,8.799999999999997,0.0,-14.0,-49.0,-17.0,1.0,9.0,-2.0,-1.0,-13.0,686.0;192.9,-9.000000000000004,9.0,3.0,6.0,-3.0,25.0,2.0,2.0,6.0,-1.0,3285.0;1
26.0,-15.999999999999993,16.0,-11.0,42.0,29.0,37.0,27.0,2.0,-1.0,-16.0,-449.0;-9.0,12.499999999999996,-2.0,2.0,1.0,17.0,30.0,-4.0,2.0,-12.0,-23.0,-6366.0;0
-13.0,-1.5999999999999979,0.0,0.0,1.0,1.0,17.0,15.0,2.0,3.0,-6.0,-2497.1;-12.0,-11.399999999999991,-9.0,-3.0,42.0,79.0,38.0,-6.0,1.0,10.0,5.0,449.0;1
176.9,-2.0000000000000036,2.0,-17.0,10.0,40.0,39.0,3.0,2.0,4.0,-6.0,1237.0;49.0,-24.100000000000005,15.0,-6.0,-1.0,-18.0,1.0,20.0,2.0,0.0,-7.0,1672.0;0
-520.7,-10.300000000000008,-4.0,2.0,20.0,25.0,34.0,7.0,0.0,3.0,-10.0,-5072.599999999999;375.8,-12.200000000000003,5.0,-3.0,-48.0,-23.0,6.0,6.0,1.0,-17.0,-28.0,217.0;1
3.0,-19.300000000000004,0.0,-6.0,-20.0,-15.0,20.0,11.0,-1.0,-8.0,-25.0,5326.0;355.8,14.000000000000007,-2.0,-13.0,8.0,37.0,38.0,1.0,0.0,-4.0,-16.0,6093.0;1
17.0,-7.0000000000000036,1.0,16.0,31.0,-9.0,0.0,28.0,2.0,-1.0,-4.0,2005.0;22.0,15.000000000000004,8.0,9.0,19.0,8.0,20.0,1.0,0.0,8.0,3.0,6350.0;0
-3.0,-28.299999999999997,2.0,-8.0,-36.0,-27.0,7.0,7.0,0.0,-11.0,-24.0,-1650.0;-2.0,2.000000000000007,8.0,-10.0,-50.0,-9.0,20.0,-21.0,-3.0,-5.0,-14.0,-105.0;0
0.0,-10.899999999999991,-1.0,4.0,14.0,6.0,30.0,19.0,1.0,-1.0,-16.0,874.0;-18.0,-25.500000000000004,-2.0,-2.0,-7.0,31.0,31.0,-13.0,0.0,0.0,-6.0,1502.0;1
0.0,-28.8,-21.0,-5.0,-13.0,9.0,8.0,7.0,-2.0,0.0,-11.0,-199.0;-1.0,-10.700000000000003,6.0,-1.0,-26.0,-23.0,6.0,-1.0,1.0,-8.0,-14.0,4259.0;0
17.0,21.999999999999993,7.0,-2.0,-4.0,-11.0,15.0,14.0,-1.0,-5.0,-18.0,2756.0;-27.0,-30.700000000000003,1.0,-3.0,-52.0,-36.0,-8.0,5.0,2.0,-19.0,-25.0,-325.0;1
37.0,3.1999999999999993,9.0,8.0,1.0,-10.0,23.0,9.0,-1.0,-5.0,-18.0,1055.0;-6.0,-38.5,14.0,10.0,29.0,-15.0,18.0,35.0,2.0,-1.0,-13.0,-138.0;1
-6.0,-1.6000000000000014,0.0,-14.0,53.0,43.0,37.0,-5.0,1.0,3.0,-2.0,1797.0;-30.0,-14.899999999999991,-2.0,-3.0,-36.0,-12.0,15.0,-2.0,0.0,-14.0,-25.0,456.0;0
162.9,-16.299999999999997,-6.0,-4.0,-33.0,-24.0,-3.0,21.0,1.0,-7.0,-21.0,-912.0;45.0,9.399999999999999,8.0,12.0,-3.0,8.0,31.0,-5.0,0.0,-2.0,-8.0,-785.0;1
147.9,23.299999999999994,6.0,1.0,-15.0,-34.0,8.0,19.0,-1.0,3.0,-10.0,10508.0;12.0,9.300000000000004,-1.0,-10.0,-7.0,22.0,31.0,5.0,1.0,-8.0,-21.0,-658.0;0
-23.0,4.400000000000002,9.0,6.0,30.0,-13.0,4.0,34.0,1.0,-6.0,-15.0,-1339.0;-36.0,-3.3999999999999915,-4.0,-2.0,-23.0,-27.0,-8.0,15.0,3.0,-13.0,-19.0,-1136.0;0
-60.0,-6.699999999999996,22.0,-2.0,7.0,-24.0,23.0,29.0,2.0,-9.0,-27.0,17789.0;1.0,-39.80000000000001,2.0,12.0,-33.0,-33.0,18.0,12.0,1.0,6.0,-10.0,-1220.0;0
24.0,52.600000000000016,31.0,-7.0,-36.0,-18.0,21.0,5.0,3.0,-27.0,-42.0,13120.0;-47.0,9.7,5.0,1.0,26.0,12.0,37.0,24.0,1.0,-2.0,-20.0,15301.0;1
156.9,73.4,14.0,-5.0,-29.0,-26.0,33.0,26.0,1.0,-6.0,-29.0,11997.0;153.9,-35.099999999999994,10.0,12.0,11.0,11.0,50.0,-4.0,1.0,-13.0,-27.0,8415.0;1
45.0,-33.5,40.0,-13.0,16.0,-12.0,29.0,27.0,3.0,-2.0,-17.0,15587.0;38.0,27.500000000000004,17.0,-1.0,-8.0,17.0,48.0,6.0,4.0,-11.0,-32.0,22014.0;0
-42.0,-8.000000000000004,1.0,-5.0,-3.0,-5.0,20.0,1.0,0.0,4.0,-6.0,-4588.0;34.0,6.0000000000000036,15.0,-7.0,-15.0,0.0,41.0,-10.0,3.0,-6.0,-18.0,6300.0;1
-34.0,8.000000000000004,-2.0,-12.0,-28.0,-18.0,11.0,6.0,2.0,-15.0,-24.0,-62.0;-23.0,-13.300000000000004,-10.0,4.0,-4.0,4.0,11.0,0.0,-1.0,5.0,0.0,1976.0;0
-56.0,-19.099999999999994,7.0,9.0,43.0,9.0,35.0,30.0,2.0,0.0,-13.0,1861.0;62.0,6.099999999999991,21.0,-5.0,1.0,9.0,35.0,-2.0,5.0,-4.0,-14.0,15925.0;0
5.0,8.199999999999996,20.0,3.0,3.0,2.0,24.0,4.0,1.0,1.0,-10.0,19537.0;-18.0,17.89999999999999,-23.0,1.0,-26.0,15.0,11.0,-7.0,-1.0,-12.0,-19.0,-95.0;1
17.0,8.299999999999994,8.0,-3.0,17.0,20.0,38.0,12.0,2.0,-12.0,-28.0,13073.0;12.0,14.09999999999999,-2.0,-5.0,10.0,12.0,15.0,14.0,-1.0,4.0,-4.0,12571.0;0
-3.0,22.599999999999998,4.0,-5.0,-20.0,10.0,28.0,-1.0,0.0,0.0,-13.0,-2565.0;34.0,14.399999999999999,22.0,-9.0,-16.0,-3.0,30.0,-6.0,3.0,-10.0,-18.0,13747.0;1
37.0,7.999999999999993,20.0,2.0,-22.0,-44.0,3.0,30.0,0.0,-3.0,-20.0,7616.0;135.9,19.500000000000007,-4.0,-7.0,-5.0,38.0,63.0,-13.0,1.0,-7.0,-27.0,18208.0;0
15.0,-13.600000000000009,41.0,-3.0,-5.0,-29.0,14.0,18.0,2.0,-11.0,-22.0,1295.0;6.0,45.2,0.0,-13.0,-76.0,-34.0,19.0,-16.0,-3.0,-9.0,-20.0,-18441.0;0
-2.0,13.899999999999991,14.0,-6.0,40.0,38.0,32.0,15.0,3.0,5.0,-3.0,-251.0;164.9,18.6,13.0,0.0,5.0,-6.0,14.0,16.0,1.0,-6.0,-15.0,1197.0;0
161.9,1.2000000000000064,0.0,-5.0,-31.0,-23.0,10.0,12.0,-3.0,-14.0,-29.0,-285.0;14.0,47.10000000000001,16.0,-7.0,15.0,8.0,25.0,19.0,2.0,5.0,-7.0,11801.0;1
-1.0,-11.199999999999992,2.0,5.0,-30.0,-18.0,14.0,-2.0,2.0,-11.0,-18.0,1092.0;33.0,-21.3,9.0,-6.0,-2.0,14.0,20.0,5.0,2.0,-1.0,-9.0,1.0;0
36.0,14.899999999999995,12.0,-5.0,-44.0,-11.0,21.0,-8.0,4.0,0.0,-10.0,1731.0;58.0,-19.5,20.0,-3.0,3.0,12.0,30.0,-2.0,-1.0,1.0,-8.0,3223.0;1
5.0,-14.79999999999999,-16.0,-2.0,0.0,48.0,43.0,-5.0,1.0,-14.0,-29.0,3406.0;36.0,-6.900000000000006,15.0,-3.0,-14.0,-25.0,22.0,11.0,4.0,-14.0,-27.0,-8705.0;0
335.8,-0.2000000000000064,7.0,-11.0,-18.0,14.0,26.0,-7.0,1.0,6.0,-4.0,3081.0;195.9,-27.099999999999998,3.0,-10.0,-20.0,-5.0,12.0,7.0,0.0,-5.0,-16.0,-2545.0;0
149.9,2.5,7.0,-16.0,6.0,6.0,14.0,11.0,1.0,-2.0,-7.0,1763.0;157.9,-20.400000000000002,5.0,-4.0,41.0,28.0,42.0,18.0,3.0,3.0,-9.0,-1202.0;0
60.0,16.299999999999997,15.0,2.0,-2.0,2.0,11.0,15.0,2.0,-4.0,-10.0,294.0;38.0,-22.0,1.0,9.0,0.0,-23.0,15.0,12.0,4.0,-2.0,-7.0,4637.0;1
156.9,-15.600000000000001,-32.0,-14.0,-46.0,20.0,7.0,-15.0,-2.0,-16.0,-26.0,15058.0;-353.8,9.999999999999996,-5.0,-7.0,-88.0,-48.0,-12.0,-3.0,-1.0,-22.0,-32.0,-1343.0;0
31.0,-23.199999999999992,5.0,-7.0,-4.0,21.0,36.0,-6.0,0.0,2.0,-10.0,-131.0;-3.0,-1.7000000000000028,10.0,-5.0,-10.0,-22.0,16.0,19.0,3.0,-11.0,-23.0,14758.0;1
3.0,-17.599999999999998,3.0,-2.0,-4.0,-8.0,20.0,7.0,2.0,-7.0,-18.0,961.0;346.8,-8.999999999999993,9.0,-14.0,9.0,11.0,18.0,15.0,1.0,3.0,-9.0,3199.0;0
166.9,-4.200000000000003,8.0,2.0,22.0,-3.0,27.0,25.0,1.0,5.0,-8.0,809.0;16.0,6.200000000000006,29.0,-3.0,-6.0,2.0,32.0,8.0,1.0,-8.0,-23.0,-246.0;1
-40.0,8.600000000000001,6.0,16.0,-8.0,2.0,27.0,-7.0,-2.0,-5.0,-14.0,21382.0;26.0,-9.000000000000004,3.0,2.0,-14.0,0.0,11.0,3.0,0.0,5.0,0.0,5235.0;0
51.0,-16.900000000000002,10.0,-14.0,-69.0,-46.0,10.0,9.0,0.0,-22.0,-38.0,17627.0;25.0,32.50000000000001,-2.0,-3.0,-27.0,6.0,32.0,8.0,4.0,-19.0,-37.0,-2543.0;0
19.0,-3.200000000000003,-2.0,-11.0,-12.0,13.0,19.0,2.0,0.0,-4.0,-13.0,-2596.0;-509.70000000000005,4.700000000000003,3.0,-2.0,-3.0,-9.0,19.0,15.0,-1.0,9.0,-6.0,142.0;1
41.0,11.199999999999996,6.0,5.0,-4.0,-17.0,16.0,18.0,1.0,-9.0,-20.0,13568.0;-8.0,18.199999999999992,5.0,-7.0,-21.0,-11.0,0.0,13.0,-2.0,1.0,-9.0,18241.0;1
38.0,-46.099999999999994,-3.0,-6.0,-40.0,-46.0,3.0,40.0,5.0,-25.0,-48.0,-5013.0;137.9,-24.999999999999996,-5.0,-6.0,16.0,34.0,44.0,6.0,1.0,15.0,-1.0,20272.0;0
17.0,1.0999999999999943,2.0,1.0,-8.0,-14.0,-4.0,7.0,-1.0,4.0,2.0,6631.0;11.0,18.7,7.0,-4.0,48.0,53.0,42.0,4.0,2.0,12.0,3.0,3708.0;0
15.0,-9.600000000000005,17.0,16.0,-12.0,-10.0,30.0,-13.0,1.0,-3.0,-12.0,6045.0;219.9,-14.200000000000003,18.0,-3.0,-40.0,-6.0,12.0,-1.0,3.0,-19.0,-27.0,13184.0;1
