31.0,19.399999999999995,34.0,-4.0,5.0,7.0,18.0,4.0,1.0,-8.0,-15.0,-173.0,3728.0,162.0,-5.199999999999996,11.0,22.0,3.0,-38.0,5.0,32.0,-1.0,-3.0,-18.0,-114.0,-1078.0,60.0;1
-28.0,-12.500000000000007,9.0,-1.0,-19.0,5.0,36.0,-10.0,-3.0,-3.0,-18.0,153.0,-1737.0,115.0,8.100000000000001,-12.0,-4.0,5.0,1.0,8.0,21.0,3.0,-13.0,-21.0,-168.0,-66.0,68.0;0
6.0,10.2,9.0,-9.0,22.0,36.0,45.0,-3.0,3.0,3.0,-5.0,-969.0,6331.0,-1.0,-41.900000000000006,7.0,-2.0,-58.0,-33.0,1.0,14.0,0.0,-12.0,-26.0,-67.0,-1042.0,178.0;1
322.0,-15.200000000000003,9.0,-12.0,13.0,21.0,38.0,11.0,2.0,-3.0,-15.0,-398.0,-2956.0,225.0,11.400000000000002,15.0,1.0,-32.0,-41.0,-7.0,21.0,0.0,-11.0,-25.0,-537.0,18647.0,112.0;0
-9.0,-59.7,-3.0,1.0,-11.0,17.0,24.0,-10.0,-1.0,4.0,-3.0,180.0,-4496.0,6.0,-9.999999999999996,-5.0,8.0,-59.0,-40.0,-4.0,-2.0,-3.0,-5.0,-15.0,23.0,-894.0,99.0;0
20.0,-17.800000000000004,13.0,8.0,13.0,13.0,31.0,-1.0,2.0,-6.0,-12.0,-660.0,6279.0,-32.0,11.199999999999992,5.0,-12.0,-11.0,21.0,42.0,-10.0,-1.0,2.0,-12.0,72.0,-4402.0,105.0;1
211.0,15.299999999999994,8.0,17.0,33.0,14.0,13.0,18.0,1.0,-4.0,-11.0,-222.0,16073.0,-4.0,-32.50000000000001,-19.0,-14.0,24.0,43.0,23.0,10.0,-1.0,-9.0,-18.0,-195.0,-12983.0,103.0;1
24.0,-13.099999999999994,16.0,-2.0,-57.0,-40.0,3.0,-3.0,1.0,-23.0,-32.0,-84.0,2746.0,12.0,1.1999999999999957,8.0,-12.0,-15.0,14.0,30.0,-7.0,1.0,-3.0,-14.0,-185.0,8040.0,106.0;0
-14.0,59.999999999999986,23.0,-3.0,-37.0,-29.0,-4.0,8.0,2.0,-16.0,-23.0,-121.0,3431.0,-39.0,-46.39999999999999,2.0,-7.0,-66.0,-45.0,-4.0,4.0,2.0,-19.0,-30.0,-37.0,-6661.0,19.0;1
-52.0,-10.900000000000006,21.0,-4.0,23.0,22.0,39.0,-5.0,2.0,4.0,-4.0,-19.0,8073.0,-1.0,1.3000000000000043,21.0,-15.0,-41.0,-26.0,-6.0,4.0,1.0,-4.0,-10.0,6.0,-1032.0,86.0;0
4.0,21.699999999999992,7.0,-12.0,4.0,-19.0,10.0,22.0,3.0,-16.0,-26.0,-255.0,766.0,-18.0,-16.200000000000006,4.0,-11.0,8.0,5.0,21.0,26.0,-1.0,-5.0,-23.0,-267.0,2045.0,144.0;1
17.0,-37.79999999999999,-10.0,-5.0,10.0,50.0,32.0,1.0,2.0,0.0,-8.0,-810.0,2432.0,36.0,-18.4,20.0,0.0,17.0,15.0,29.0,11.0,3.0,1.0,-11.0,-456.0,180.0,103.0;0
14.0,-18.900000000000006,8.0,3.0,32.0,22.0,13.0,27.0,2.0,3.0,-6.0,-46.0,-5568.0,-24.0,-2.399999999999995,-2.0,-3.0,14.0,26.0,23.0,-2.0,1.0,3.0,-1.0,-38.0,7000.0,133.0;0
144.0,-3.5,13.0,-3.0,-4.0,0.0,8.0,24.0,1.0,0.0,-11.0,-195.0,-170.0,30.0,1.1000000000000014,10.0,-7.0,-31.0,-36.0,-10.0,22.0,-1.0,-6.0,-15.0,-67.0,31.0,117.0;0
-10.0,42.099999999999994,7.0,6.0,-47.0,-46.0,8.0,-14.0,-2.0,-12.0,-17.0,124.0,-801.0,-2.0,-27.099999999999998,-2.0,-1.0,-1.0,-3.0,25.0,14.0,0.0,-8.0,-22.0,-449.0,9187.0,153.0;1
-12.0,4.199999999999999,3.0,-8.0,-33.0,-21.0,3.0,6.0,0.0,-12.0,-20.0,-126.0,1078.0,26.0,-10.8,8.0,-3.0,-25.0,-5.0,17.0,-4.0,0.0,-8.0,-17.0,-154.0,1514.0,122.0;1
26.0,22.999999999999996,-3.0,-5.0,-38.0,-25.0,8.0,1.0,-1.0,-14.0,-21.0,-202.0,2136.0,8.0,-40.49999999999999,-2.0,-2.0,-69.0,-33.0,14.0,-9.0,-3.0,-16.0,-32.0,-117.0,1103.0,109.0;0
183.0,-4.6000000000000085,2.0,-7.0,-30.0,2.0,19.0,0.0,0.0,-6.0,-20.0,-414.0,9166.0,42.0,9.800000000000008,8.0,0.0,2.0,21.0,27.0,10.0,0.0,1.0,-12.0,-391.0,-4020.0,66.0;0
193.0,27.900000000000006,17.0,-4.0,-19.0,-35.0,-13.0,32.0,0.0,-13.0,-23.0,-371.0,11607.0,-30.0,-51.4,10.0,5.0,21.0,25.0,29.0,7.0,0.0,-2.0,-12.0,479.0,-7849.0,105.0;0
5.0,-7.4999999999999964,5.0,-1.0,5.0,-30.0,5.0,21.0,0.0,4.0,-5.0,58.0,-605.0,-8.0,-35.099999999999994,-18.0,-1.0,20.0,56.0,55.0,-13.0,1.0,-5.0,-19.0,30.0,-1563.0,71.0;1
-18.0,-11.299999999999997,11.0,2.0,11.0,2.0,18.0,8.0,1.0,7.0,0.0,-57.0,442.0,207.0,15.200000000000003,9.0,6.0,-2.0,17.0,34.0,-6.0,3.0,1.0,-5.0,-215.0,11643.0,91.0;1
-56.0,-34.199999999999996,20.0,-1.0,-3.0,-13.0,19.0,14.0,1.0,-1.0,-14.0,-203.0,22972.0,31.0,20.300000000000008,17.0,-9.0,-11.0,-12.0,20.0,4.0,1.0,-9.0,-18.0,-103.0,4020.0,88.0;0
19.0,5.899999999999995,7.0,-8.0,-20.0,-8.0,25.0,8.0,1.0,-11.0,-25.0,30.0,-4660.0,31.0,-13.500000000000007,28.0,-8.0,16.0,-21.0,14.0,34.0,3.0,-5.0,-15.0,-266.0,14190.0,69.0;1
32.0,-37.099999999999994,8.0,-6.0,-6.0,4.0,18.0,16.0,0.0,-3.0,-17.0,-241.0,10787.0,2.0,-6.199999999999999,2.0,3.0,5.0,24.0,30.0,-1.0,-1.0,1.0,-12.0,-37.0,-836.0,129.0;0
108.0,-11.0,3.0,-9.0,5.0,28.0,37.0,-2.0,2.0,4.0,-6.0,-680.0,4378.0,-16.0,-13.799999999999997,0.0,-11.0,3.0,36.0,13.0,7.0,3.0,-5.0,-8.0,-2.0,-555.0,137.0;0
194.0,-9.700000000000003,12.0,2.0,-9.0,-13.0,25.0,7.0,2.0,4.0,-7.0,-388.0,3752.0,163.0,8.799999999999997,0.0,-14.0,-49.0,-17.0,1.0,9.0,-2.0,-1.0,-13.0,-155.0,686.0,56.0;0
-9.0,12.499999999999996,-2.0,2.0,1.0,17.0,30.0,-4.0,2.0,-12.0,-23.0,1.0,-6366.0,35.0,-23.89999999999999,32.0,-11.0,62.0,35.0,52.0,29.0,3.0,-4.0,-21.0,-94.0,839.0,114.0;1
-9.0,-14.59999999999999,-11.0,-5.0,23.0,76.0,37.0,-10.0,1.0,6.0,-1.0,-144.0,954.0,-13.0,-1.5999999999999979,0.0,0.0,1.0,1.0,17.0,15.0,2.0,3.0,-6.0,391.0,-2497.0,97.0;0
166.0,1.7999999999999972,5.0,-20.0,6.0,44.0,48.0,4.0,2.0,-1.0,-16.0,-422.0,1136.0,49.0,-24.100000000000005,15.0,-6.0,-1.0,-18.0,1.0,20.0,2.0,0.0,-7.0,-300.0,1672.0,60.0;0
-521.0,-10.300000000000008,-4.0,2.0,20.0,25.0,34.0,7.0,0.0,3.0,-10.0,-373.0,-5073.0,560.0,-17.1,6.0,-7.0,-45.0,-20.0,16.0,11.0,1.0,-18.0,-34.0,-61.0,811.0,65.0;1
3.0,-19.300000000000004,0.0,-6.0,-20.0,-15.0,20.0,11.0,-1.0,-8.0,-25.0,-294.0,5326.0,354.0,16.70000000000001,-2.0,-15.0,21.0,51.0,45.0,-4.0,0.0,-4.0,-14.0,-679.0,5868.0,156.0;1
22.0,15.000000000000004,8.0,9.0,19.0,8.0,20.0,1.0,0.0,8.0,3.0,-54.0,6350.0,17.0,-13.400000000000006,1.0,14.0,22.0,-18.0,-4.0,36.0,2.0,-6.0,-12.0,-20.0,655.0,76.0;1
-2.0,2.000000000000007,8.0,-10.0,-50.0,-9.0,20.0,-21.0,-3.0,-5.0,-14.0,28.0,-105.0,-11.0,-29.2,-4.0,-8.0,-46.0,-25.0,8.0,4.0,-1.0,-14.0,-27.0,268.0,-1849.0,164.0;1
16.0,-24.4,5.0,-1.0,-44.0,-13.0,19.0,-9.0,-2.0,-10.0,-24.0,-199.0,-1707.0,12.0,13.300000000000008,30.0,1.0,-33.0,-25.0,17.0,1.0,-1.0,-9.0,-19.0,-188.0,10740.0,103.0;1
0.0,-10.899999999999991,-1.0,4.0,14.0,6.0,30.0,19.0,1.0,-1.0,-16.0,-153.0,874.0,-26.0,-26.700000000000006,-2.0,-9.0,-12.0,29.0,25.0,-4.0,0.0,-3.0,-11.0,-197.0,1694.0,140.0;1
-5.0,-30.5,-18.0,-15.0,-20.0,23.0,14.0,-1.0,-2.0,-1.0,-13.0,-39.0,-1409.0,-1.0,-10.700000000000003,6.0,-1.0,-26.0,-23.0,6.0,-1.0,1.0,-8.0,-14.0,-401.0,4259.0,162.0;0
-30.0,-37.8,-2.0,-5.0,-58.0,-33.0,-9.0,9.0,2.0,-19.0,-28.0,71.0,-836.0,17.0,21.999999999999993,7.0,-2.0,-4.0,-11.0,15.0,14.0,-1.0,-5.0,-18.0,-355.0,2756.0,100.0;0
-11.0,-45.5,18.0,17.0,31.0,-12.0,23.0,31.0,2.0,-3.0,-15.0,-184.0,-119.0,37.0,3.1999999999999993,9.0,8.0,1.0,-10.0,23.0,9.0,-1.0,-5.0,-18.0,-101.0,1055.0,142.0;0
-6.0,3.6999999999999957,-1.0,-17.0,47.0,49.0,42.0,-12.0,2.0,1.0,-4.0,-238.0,2160.0,-30.0,-14.899999999999991,-2.0,-3.0,-36.0,-12.0,15.0,-2.0,0.0,-14.0,-25.0,-110.0,456.0,120.0;0
163.0,-16.299999999999997,-6.0,-4.0,-33.0,-24.0,-3.0,21.0,1.0,-7.0,-21.0,71.0,-912.0,51.0,19.799999999999997,12.0,11.0,-12.0,6.0,35.0,-5.0,-1.0,4.0,-4.0,9.0,-600.0,136.0;1
139.0,25.89999999999999,9.0,-2.0,-12.0,-41.0,4.0,25.0,0.0,5.0,-8.0,-691.0,13337.0,12.0,9.300000000000004,-1.0,-10.0,-7.0,22.0,31.0,5.0,1.0,-8.0,-21.0,121.0,-658.0,129.0;0
28.0,20.800000000000004,0.0,-11.0,4.0,27.0,33.0,2.0,0.0,-5.0,-17.0,-155.0,3249.0,23.0,5.29999999999999,23.0,2.0,-18.0,-2.0,30.0,-11.0,0.0,-1.0,-13.0,-134.0,17768.0,96.0;1
-20.0,4.300000000000001,17.0,9.0,50.0,2.0,22.0,29.0,1.0,-3.0,-13.0,129.0,-1575.0,-36.0,-3.3999999999999915,-4.0,-2.0,-23.0,-27.0,-8.0,15.0,3.0,-13.0,-19.0,1.0,-1136.0,152.0;0
-67.0,-3.5999999999999943,24.0,-4.0,-3.0,-36.0,23.0,34.0,2.0,-14.0,-36.0,-259.0,20752.0,1.0,-39.80000000000001,2.0,12.0,-33.0,-33.0,18.0,12.0,1.0,6.0,-10.0,-7.0,-1220.0,70.0;0
24.0,52.600000000000016,31.0,-7.0,-36.0,-18.0,21.0,5.0,3.0,-27.0,-42.0,-391.0,13120.0,-54.0,-0.30000000000000426,4.0,0.0,25.0,15.0,47.0,22.0,1.0,-2.0,-24.0,-461.0,15953.0,56.0;1
149.0,-53.89999999999999,6.0,7.0,2.0,22.0,54.0,-8.0,0.0,-15.0,-32.0,-599.0,7317.0,157.0,73.4,14.0,-5.0,-29.0,-26.0,33.0,26.0,1.0,-6.0,-29.0,-249.0,11997.0,100.0;0
38.0,27.500000000000004,17.0,-1.0,-8.0,17.0,48.0,6.0,4.0,-11.0,-32.0,-271.0,22014.0,42.0,-41.1,44.0,-13.0,8.0,-19.0,28.0,26.0,3.0,-6.0,-21.0,-190.0,15857.0,147.0;1
51.0,12.100000000000005,11.0,0.0,-18.0,0.0,46.0,-17.0,4.0,-8.0,-18.0,-49.0,7945.0,-42.0,-8.000000000000004,1.0,-5.0,-3.0,-5.0,20.0,1.0,0.0,4.0,-6.0,16.0,-4588.0,139.0;0
-34.0,12.600000000000005,-4.0,-14.0,-35.0,-27.0,5.0,10.0,3.0,-15.0,-24.0,-97.0,-579.0,-23.0,-13.300000000000004,-10.0,4.0,-4.0,4.0,11.0,0.0,-1.0,5.0,0.0,-122.0,1976.0,130.0;0
-25.0,28.000000000000004,1.0,-1.0,-32.0,-33.0,7.0,19.0,-1.0,-18.0,-33.0,-187.0,15656.0,-23.0,-64.30000000000001,2.0,6.0,16.0,13.0,36.0,19.0,2.0,-6.0,-26.0,154.0,-11294.0,138.0;1
62.0,6.099999999999991,21.0,-5.0,1.0,9.0,35.0,-2.0,5.0,-4.0,-14.0,-176.0,15925.0,-74.0,-23.199999999999992,16.0,9.0,11.0,-5.0,34.0,24.0,1.0,-5.0,-20.0,-90.0,111.0,99.0;1
38.0,7.70000000000001,23.0,-8.0,-24.0,-20.0,20.0,4.0,2.0,-10.0,-22.0,-181.0,17557.0,17.0,-1.500000000000007,-3.0,-7.0,-26.0,0.0,16.0,2.0,-3.0,-2.0,-18.0,52.0,-6716.0,85.0;0
-27.0,19.39999999999999,-37.0,-5.0,-27.0,16.0,3.0,-2.0,-1.0,-8.0,-13.0,59.0,-4507.0,5.0,8.199999999999996,20.0,3.0,3.0,2.0,24.0,4.0,1.0,1.0,-10.0,-517.0,19537.0,139.0;0
-8.0,-27.0,-3.0,-3.0,-5.0,-11.0,10.0,14.0,3.0,-20.0,-27.0,-214.0,11136.0,183.0,23.999999999999996,0.0,7.0,-22.0,3.0,13.0,2.0,1.0,-8.0,-17.0,-67.0,383.0,103.0;0
44.0,-27.100000000000005,28.0,-4.0,38.0,27.0,53.0,12.0,2.0,4.0,-12.0,-184.0,12665.0,-34.0,-14.000000000000007,20.0,4.0,-6.0,-16.0,13.0,7.0,2.0,-12.0,-19.0,-87.0,14188.0,110.0;0
12.0,14.09999999999999,-2.0,-5.0,10.0,12.0,15.0,14.0,-1.0,4.0,-4.0,-247.0,12571.0,28.0,4.099999999999994,12.0,-5.0,4.0,20.0,45.0,8.0,3.0,-20.0,-39.0,-128.0,14073.0,71.0;1
44.0,11.599999999999998,17.0,-6.0,-13.0,-4.0,35.0,-6.0,3.0,-12.0,-22.0,-250.0,16457.0,-3.0,22.599999999999998,4.0,-5.0,-20.0,10.0,28.0,-1.0,0.0,0.0,-13.0,-224.0,-2565.0,132.0;0
51.0,7.79999999999999,24.0,3.0,-6.0,-51.0,9.0,37.0,0.0,-4.0,-23.0,-57.0,6699.0,136.0,19.500000000000007,-4.0,-7.0,-5.0,38.0,63.0,-13.0,1.0,-7.0,-27.0,-163.0,18208.0,87.0;0
19.0,-23.30000000000001,52.0,-1.0,-1.0,-32.0,16.0,21.0,2.0,-10.0,-22.0,-204.0,3441.0,6.0,45.2,0.0,-13.0,-76.0,-34.0,19.0,-16.0,-3.0,-9.0,-20.0,707.0,-18441.0,104.0;0
165.0,18.6,13.0,0.0,5.0,-6.0,14.0,16.0,1.0,-6.0,-15.0,-205.0,1197.0,0.0,11.79999999999999,15.0,-7.0,39.0,39.0,40.0,18.0,3.0,4.0,-8.0,-9.0,-366.0,59.0;1
